4131.08 2711.8 3228.2 2724.48
4134.25 2712.6 3227.4 2728.45
4662.9 2717.55 3765.95 2732.4
4400.55 2450.25 3504.6 2465.1
4148.1 2588.85 3242.25 2603.7
4133.25 2717.55 3232.35 2727.45
4004.55 2722.5 3098.7 2732.4
4395.6 2722.5 3494.7 2732.4
4148.1 2836.35 3242.25 2851.2
4648.05 2846.25 3747.15 2861.1
4276.8 2970 3370.95 2984.85
4524.3 2970 3618.45 2984.85
4395.6 2984.85 3489.75 2999.7
4003.32 49.5 3118.5 49.5
4040.45 575.45 3161.82 575.45
4015.7 1614.95 3124.7 1621.12
4009.5 2178 3106.12 2190.38
4275.58 2456.45 3372.2 2468.82
4399.33 2456.45 3502.12 2468.82
4516.88 2462.62 3619.7 2475
4145.62 2592.57 3242.25 2604.95
4653 2598.75 3749.62 2611.12
4139.45 2710.12 3236.07 2722.5
4399.33 2722.5 3495.95 2734.88
4145.62 2833.88 3236.07 2846.25
4653 2840.07 3749.62 2858.62
4275.58 2970 3372.2 2982.38
4393.12 2982.38 3489.75 2994.75
4523.08 2970 3613.5 2994.75
4037.35 572.35 3155.62 572.35
4099.23 719.3 3217.5 719.3
4099.23 943.6 3217.5 951.325
4099.23 1245.22 3209.77 1252.97
4099.23 1477.28 3209.77 1485
4014.15 1631.95 3116.95 1639.7
4540.08 1786.65 3642.9 1794.38
4006.4 2173.35 3109.23 2181.1
4540.08 2297.1 3650.62 2304.85
4006.4 2320.32 3101.48 2328.05
4277.1 2451.8 3372.2 2467.27
4393.12 2459.52 3503.68 2475
4509.15 2459.52 3611.95 2475
4006.4 2560.07 3101.48 2575.55
4137.9 2598.75 3240.7 2606.48
4137.9 2830.77 3232.98 2846.25
4006.4 2861.73 3093.75 2877.2
4277.1 2977.73 3372.2 2993.2
4400.85 2977.73 3480.48 2993.2
4516.88 2977.73 3611.95 2993.2
4012.2 193.35 3122.75 193.35
4012.2 415.725 3122.75 415.725
4234.58 415.725 3354.77 415.725
4012.2 560.75 3142.1 570.4
4398.92 618.75 3519.15 628.425
4012.2 715.425 3122.75 725.1
4099.23 715.425 3219.43 725.1
4012.2 937.8 3122.75 947.45
4099.23 937.8 3209.77 947.45
4031.55 1102.15 3132.43 1102.15
4012.2 1247.18 3122.75 1256.82
4099.23 1247.18 3209.77 1256.82
4012.2 1469.53 3113.07 1479.2
4099.23 1469.53 3209.77 1479.2
4021.88 1624.22 3132.43 1633.88
4012.2 1778.9 3113.07 1788.57
4244.25 1788.57 3345.12 1798.25
4543.95 1788.57 3654.5 1798.25
4012.2 2010.95 3113.07 2020.6
4244.25 2059.27 3354.77 2068.95
4031.55 2165.62 3132.43 2175.3
4253.9 2281.65 3335.45 2291.3
4553.62 2329.98 3615.82 2339.65
4282.9 2455.68 3383.8 2465.32
4408.6 2465.32 3509.48 2475
4514.95 2465.32 3615.82 2475
4012.2 2552.35 3103.43 2571.68
4137.9 2600.68 3238.77 2610.35
4031.55 2707.02 3142.1 2716.7
4137.9 2832.73 3238.77 2842.38
4012.2 2871.38 3103.43 2881.05
4389.25 2968.07 3490.12 2987.4
4514.95 2977.73 3615.82 2987.4
4282.9 2977.73 3383.8 2997.07
4012.2 410.9 3130 410.9
4217.65 410.9 3335.45 410.9
4012.2 555.9 3130 568
4012.2 725.1 3117.93 725.1
4084.73 725.1 3202.52 725.1
4012.2 930.55 3117.93 942.625
4084.73 930.55 3202.52 942.625
4024.3 1087.65 3130 1099.72
4012.2 1244.75 3117.93 1256.82
4084.73 1244.75 3202.52 1256.82
4012.2 1462.28 3117.93 1474.38
4024.3 1619.38 3130 1631.47
4012.2 1788.57 3117.93 1788.57
4229.73 1788.57 3335.45 1800.65
4012.2 2006.1 3105.82 2006.1
4229.73 2054.45 3335.45 2066.52
4543.95 2066.52 3661.75 2078.62
4024.3 2163.2 3117.93 2175.3
4012.2 2320.32 3105.82 2332.4
4278.08 2453.25 3383.8 2465.32
4495.6 2453.25 3601.32 2465.32
4012.2 2549.93 3105.82 2562
4133.05 2598.27 3238.77 2610.35
4024.3 2707.02 3117.93 2719.12
4145.15 2707.02 3238.77 2731.2
4133.05 2815.8 3226.68 2827.88
4012.2 2864.12 3105.82 2876.23
4398.92 2960.82 3492.55 2972.9
4290.15 2972.9 3383.8 2984.98
4507.7 2960.82 3601.32 2984.98
4018.25 196.375 3142.1 196.375
4214.62 407.875 3338.48 407.875
4546.98 407.875 3670.8 407.875
4018.25 558.925 3142.1 558.925
4411 619.35 3519.75 619.35
4078.68 725.1 3202.52 725.1
4093.77 921.475 3202.52 936.575
4033.35 1087.65 3142.1 1102.75
4124 1465.3 3202.52 1465.3
4033.35 1631.47 3126.98 1631.47
4562.08 1797.65 3670.8 1812.75
4018.25 1994.03 3126.98 2009.12
4033.35 2160.18 3126.98 2175.3
4018.25 2326.35 3126.98 2341.45
4290.15 2462.3 3398.9 2477.43
4501.65 2462.3 3610.38 2477.43
4018.25 2537.85 3111.88 2552.95
4154.2 2598.27 3247.82 2613.38
4033.35 2704 3126.98 2719.12
4154.2 2824.85 3247.82 2839.98
4018.25 2885.27 3111.88 2900.4
4290.15 2960.82 3383.8 2975.93
4516.75 2975.93 3610.38 2991.02
4022.02 207.7 3153.43 207.7
4286.38 207.7 3417.77 207.7
4022.02 396.55 3134.52 396.55
4210.85 396.55 3323.38 396.55
4550.75 396.55 3682.12 396.55
4418.58 604.25 3531.07 604.25
4059.8 736.425 3191.18 736.425
4022.02 1076.32 3134.52 1095.2
4059.8 1265.15 3134.52 1265.15
4022.02 1623.93 3134.52 1623.93
4569.62 1812.75 3682.12 1812.75
4022.02 1982.7 3134.52 2001.57
4022.02 2152.62 3134.52 2171.52
4229.73 2303.7 3323.38 2322.57
4022.02 2341.45 3134.52 2360.35
4040.9 2889.05 3115.65 2907.95
4286.38 2964.6 3380 2983.48
4012.57 212.425 3139.25 212.425
4295.83 212.425 3398.9 212.425
4177.8 377.65 3304.48 377.65
3965.38 495.675 3068.45 495.675
4319.42 566.475 3446.1 566.475
4036.2 731.7 3162.85 731.7
4036.2 1274.57 3139.25 1274.57
4036.2 1439.8 3139.25 1439.8
4461.05 1581.43 3587.73 1581.43
4201.4 1770.25 3304.48 1770.25
4042.1 737.6 3156.95 737.6
4042.1 914.625 3156.95 914.625
4042.1 1445.7 3156.95 1445.7
3976.18 2420.27 3169.4 2449.07
