4131.08 2711.8 1542.82 2730.82
4134.25 2712.6 1544.4 2728.45
4662.9 2717.55 2079 2736.35
4148.1 2588.85 1564.2 2608.65
4648.05 2598.75 2069.1 2618.55
4133.25 2717.55 1544.4 2732.4
4004.55 2722.5 1415.7 2742.3
4148.1 2836.35 1559.25 2856.15
4648.05 2846.25 2064.15 2861.1
4276.8 2970 1678.05 2984.85
4524.3 2970 1930.5 2989.8
4395.6 2984.85 1801.8 3004.65
4003.32 49.5 1478.82 68.075
4040.45 575.45 1503.57 594
4516.88 2029.5 1949.07 2048.07
4009.5 2178 1429.32 2196.57
4244.62 2295.57 1670.62 2314.12
4275.58 2456.45 1695.38 2475
4399.33 2456.45 1825.32 2475
4516.88 2462.62 1936.7 2481.2
4145.62 2592.57 1559.25 2611.12
4653 2598.75 2066.62 2617.32
4139.45 2710.12 1546.88 2722.5
4399.33 2722.5 1812.95 2741.07
4145.62 2833.88 1553.07 2852.45
4653 2840.07 2060.45 2858.62
4275.58 2970 1683 2988.57
4523.08 2970 1924.32 2994.75
4393.12 2982.38 1800.57 3000.95
4037.35 572.35 1500.47 587.825
4099.23 719.3 1562.35 734.775
4099.23 943.6 1554.6 966.8
4029.6 1098.28 1485 1121.47
4099.23 1245.22 1554.6 1260.7
4099.23 1477.28 1546.88 1500.47
4014.15 1631.95 1454.07 1647.43
4540.08 1786.65 1980 1802.1
4238.45 2049.6 1670.62 2072.82
4006.4 2173.35 1430.85 2196.57
4006.4 2320.32 1423.12 2335.77
4277.1 2451.8 1693.82 2475
4393.12 2459.52 1825.32 2475
4509.15 2459.52 1933.6 2482.73
4006.4 2560.07 1415.4 2575.55
4137.9 2598.75 1554.6 2614.23
4037.35 2714.77 1446.32 2730.23
4137.9 2722.5 1554.6 2730.23
4400.85 2730.23 1809.85 2745.7
4137.9 2830.77 1546.88 2853.98
4006.4 2861.73 1407.65 2884.93
4400.85 2977.73 1794.38 2993.2
4516.88 2977.73 1925.85 2993.2
4277.1 2977.73 1686.1 3000.95
4273.25 164.35 1749.9 174.025
4495.6 164.35 1981.93 183.7
4012.2 193.35 1479.2 212.7
4012.2 415.725 1479.2 435.05
4234.58 415.725 1701.57 435.05
4398.92 618.75 1865.93 647.75
4012.2 715.425 1469.53 734.775
4099.23 715.425 1556.55 734.775
4650.3 725.1 2117.27 744.425
4012.2 937.8 1459.88 957.125
4099.23 937.8 1556.55 957.125
4031.55 1102.15 1479.2 1111.82
4012.2 1247.18 1450.2 1266.5
4099.23 1247.18 1546.88 1266.5
4012.2 1469.53 1450.2 1488.88
4099.23 1469.53 1546.88 1488.88
4021.88 1624.22 1459.88 1643.55
4012.2 1778.9 1440.53 1798.25
4244.25 1788.57 1672.55 1807.9
4543.95 1788.57 1981.93 1807.9
4012.2 2010.95 1440.53 2030.28
4244.25 2059.27 1672.55 2078.62
4031.55 2165.62 1450.2 2184.95
4253.9 2281.65 1682.22 2310.65
4282.9 2455.68 1701.57 2465.32
4408.6 2465.32 1827.25 2484.68
4514.95 2465.32 1933.6 2484.68
4012.2 2552.35 1421.2 2571.68
4137.9 2600.68 1546.88 2620.02
4031.55 2707.02 1440.53 2726.38
4147.55 2707.02 1556.55 2726.38
4408.6 2736.02 1827.25 2745.7
4137.9 2832.73 1537.2 2842.38
4012.2 2871.38 1421.2 2890.73
4389.25 2968.07 1788.57 2987.4
4282.9 2977.73 1691.9 2997.07
4514.95 2977.73 1923.93 2997.07
4012.2 410.9 1474.38 422.975
4217.65 410.9 1691.9 422.975
4012.2 555.9 1474.38 580.075
4386.85 616.325 1861.07 640.5
4012.2 725.1 1474.38 737.175
4084.73 725.1 1546.88 737.175
4640.62 725.1 2114.88 749.275
4012.2 930.55 1462.28 954.7
4084.73 930.55 1546.88 954.7
4024.3 1087.65 1474.38 1111.82
4012.2 1244.75 1462.28 1268.93
4084.73 1244.75 1534.8 1268.93
4012.2 1462.28 1450.2 1486.45
4024.3 1619.38 1462.28 1643.55
4012.2 1788.57 1450.2 1800.65
4229.73 1788.57 1667.72 1800.65
4012.2 2006.1 1438.1 2018.2
4024.3 2163.2 1450.2 2187.38
4012.2 2320.32 1426.03 2344.48
4278.08 2453.25 1703.97 2477.43
4495.6 2453.25 1921.5 2477.43
4012.2 2549.93 1426.03 2562
4133.05 2598.27 1546.88 2622.43
4024.3 2707.02 1438.1 2719.12
4145.15 2707.02 1558.95 2731.2
4133.05 2815.8 1546.88 2839.98
4012.2 2864.12 1413.95 2888.3
4290.15 2972.9 1691.9 2984.98
4507.7 2960.82 1921.5 2984.98
4214.62 196.375 1691.9 166.175
4018.25 196.375 1495.53 226.6
4018.25 392.75 1480.4 422.975
4214.62 407.875 1691.9 422.975
4546.98 407.875 2024.22 422.975
4018.25 558.925 1480.4 574.025
4411 619.35 1873.18 634.45
4033.35 1087.65 1480.4 1117.85
4124 1465.3 1555.95 1480.4
4033.35 1631.47 1465.3 1646.57
4018.25 1797.65 1450.2 1812.75
4229.73 1797.65 1661.68 1812.75
4018.25 1994.03 1450.2 2009.12
4229.73 2069.55 1661.68 2084.65
4033.35 2160.18 1450.2 2190.4
4244.85 2341.45 1646.57 2326.35
4018.25 2326.35 1435.1 2356.57
4018.25 2537.85 1435.1 2552.95
4154.2 2598.27 1555.95 2628.48
4033.35 2704 1435.1 2719.12
4154.2 2824.85 1555.95 2839.98
4018.25 2885.27 1419.97 2900.4
4290.15 2960.82 1691.9 2991.02
4516.75 2975.93 1933.6 2991.02
4022.02 207.7 1491.72 226.6
4022.02 396.55 1491.72 415.425
4210.85 396.55 1680.57 415.425
4550.75 396.55 2020.45 415.425
4418.58 604.25 1869.4 642.025
4059.8 736.425 1510.62 755.3
4059.8 906.375 1510.62 925.25
4022.02 1076.32 1472.85 1095.2
4022.02 1623.93 1453.97 1642.8
4210.85 1793.85 1642.8 1812.75
4569.62 1812.75 2001.57 1831.62
4022.02 1982.7 1453.97 2001.57
4022.02 2152.62 1453.97 2190.4
4229.73 2303.7 1642.8 2322.57
4022.02 2341.45 1453.97 2360.35
4135.33 2605.82 1548.38 2605.82
4040.9 2889.05 1435.1 2907.95
4286.38 2964.6 1699.45 2983.48
4177.8 377.65 1652.25 401.25
4036.2 1274.57 1487.03 1274.57
4036.2 1439.8 1487.03 1463.43
4201.4 1770.25 1628.62 1793.85
4036.2 1959.07 1463.43 1982.7
4201.4 2077.1 1628.62 2100.7
4461.05 2077.1 1888.28 2100.7
4295.83 2360.35 1723.05 2383.95
4071.6 2596.38 1487.03 2643.57
4036.2 2879.62 1439.8 2903.23
4042.1 737.6 1504.72 737.6
4042.1 914.625 1504.72 914.625
3983.07 626.975 1438.32 663.85
