3161.68 44.35 3126.82 1039.1
3842.77 47.525 3811.1 1042.28
3906.15 53.85 3877.62 1048.6
3120.48 66.525 3082.48 1061.28
3117.3 183.75 3082.48 1181.68
3237.7 186.9 3202.85 1184.82
3785.75 199.575 3754.07 1197.5
3114.15 434.025 3079.3 1435.1
3237.7 437.175 3202.85 1438.28
3161.68 570.25 3123.65 1574.5
3133.15 573.4 3098.3 1577.68
3861.8 589.25 3830.1 1590.32
3887.12 589.25 3858.62 1590.32
3114.15 709.625 3079.3 1717.05
3234.52 712.8 3199.68 1720.22
3906.15 728.65 3877.62 1732.9
3231.35 966.25 3199.68 1976.82
3145.82 1096.12 3110.98 2109.9
3294.73 1096.12 3259.88 2109.9
3887.12 1099.3 3855.45 2109.9
3174.32 1118.3 3139.5 2132.07
3858.62 1118.3 3830.1 2132.07
3855.45 1137.3 3823.77 2151.07
3902.98 1140.47 3871.3 2154.25
3646.38 1251.35 3614.7 2265.12
3370.75 1514.3 3335.9 2534.4
3649.52 1520.65 3617.85 2540.73
3171.18 1622.03 3136.32 2645.27
3902.98 1628.35 3874.48 2648.45
3126.82 1637.85 3091.98 2661.12
3839.62 1647.35 3811.1 2670.62
3155.32 1656.88 3120.48 2680.12
3868.12 1669.53 3833.27 2692.8
3902.98 1675.88 3871.3 2695.98
3358.07 1766.15 3326.4 2794.18
3633.7 1932.47 3602.02 2958.9
3250.38 2056.02 3215.52 3085.62
3160.07 39.6 3124.45 1037.53
3841.2 51.475 3813.48 1045.45
3904.55 51.475 3876.85 1045.45
3120.48 63.35 3084.85 1061.28
3884.75 83.15 3853.07 1077.12
3556.07 122.75 3524.4 1116.72
3120.48 186.125 3084.85 1184.05
3785.75 201.95 3754.07 1195.93
3116.52 431.65 3080.88 1433.53
3235.32 435.6 3199.68 1437.47
3156.12 566.275 3120.48 1572.12
3868.93 590.05 3837.25 1591.93
3231.35 712.8 3199.68 1718.65
3785.75 724.675 3754.07 1730.53
3231.35 962.275 3195.73 1976.05
3128.4 1085.05 3096.73 2094.85
3508.55 1081.07 3476.88 2094.85
3900.6 1096.93 3868.93 2110.68
3112.55 1112.75 3072.95 2126.52
3171.95 1116.72 3136.32 2130.48
3853.07 1136.53 3821.4 2150.27
3900.6 1136.53 3868.93 2150.27
3651.12 1251.35 3619.45 2269.07
3647.15 1516.68 3615.48 2534.4
3356.1 1519.65 3326.4 2538.35
3168 1623.6 3132.35 2645.27
3900.6 1631.53 3872.88 2649.25
3853.07 1671.12 3821.4 2692.8
3900.6 1675.07 3872.88 2696.75
3361.25 1767.75 3326.4 2791.8
3649.52 1774.07 3619.45 2799.73
3108.6 1782 3072.95 2807.65
3504.6 1916.65 3468.95 2946.25
3631.32 1940.4 3599.65 2966.05
3259.07 2055.25 3223.45 3084.85
3757.05 2069.1 3718.45 3092.75
3846.15 54.45 3816.45 1044.45
3123.45 59.4 3088.8 1059.3
3880.8 79.2 3851.1 1074.15
3554.1 123.75 3524.4 1118.7
3653.1 123.75 3618.45 1118.7
3786.75 202.95 3757.05 1197.9
3900.6 207.9 3870.9 1202.85
3118.5 430.65 3083.85 1430.55
3232.35 430.65 3197.7 1435.5
3786.75 445.5 3757.05 1445.4
3172.95 564.3 3138.3 1569.15
3301.65 589.05 3267 1593.9
3232.35 717.75 3197.7 1722.6
3786.75 727.65 3757.05 1732.5
3113.55 960.3 3078.9 1970.1
3227.4 960.3 3192.75 1970.1
3786.75 970.2 3757.05 1980
3900.6 975.15 3870.9 1984.95
3395.7 1059.3 3361.05 2069.1
3643.2 1064.25 3613.5 2074.05
3509.55 1079.1 3479.85 2088.9
3133.35 1084.05 3098.7 2098.8
3296.7 1098.9 3262.05 2113.65
3168 1113.75 3133.35 2128.5
3900.6 1133.55 3865.95 2148.3
3361.05 1247.4 3326.4 2262.15
3653.1 1252.35 3618.45 2267.1
3900.6 1257.3 3870.9 2272.05
3650.62 1503.57 3618.45 2529.45
3900.6 1633.5 3870.9 2653.2
3846.15 1653.3 3816.45 2673
3118.5 1653.3 3083.85 2677.95
3900.6 1668.15 3870.9 2692.8
3380.85 1930.5 3346.2 2955.15
3628.35 1935.45 3598.65 2965.05
3557.82 117.575 3526.88 1113.75
3650.62 123.75 3619.7 1119.95
3124.7 191.825 3087.57 1188
3229.88 191.825 3192.75 1188
3786.75 204.2 3755.82 1200.38
3898.12 210.375 3867.2 1206.57
3229.88 426.95 3192.75 1429.32
3786.75 439.325 3755.82 1441.7
3304.12 587.825 3267 1590.2
3390.75 699.2 3353.62 1707.75
3223.7 717.75 3192.75 1726.32
3786.75 730.125 3755.82 1732.5
3898.12 730.125 3867.2 1738.7
3118.5 959.075 3081.38 1967.62
3223.7 959.075 3192.75 1967.62
3786.75 971.45 3755.82 1980
3898.12 971.45 3867.2 1980
3551.62 1058.07 3520.7 2072.82
3638.25 1064.25 3607.32 2072.82
3297.95 1101.38 3260.82 2109.95
3848.62 1107.57 3823.88 2116.12
3161.82 1107.57 3130.88 2122.32
3359.82 1249.88 3322.7 2264.62
3650.62 1256.07 3619.7 2270.82
3898.12 1262.25 3867.2 2277
3112.32 1491.2 3075.2 2512.12
3898.12 1503.57 3867.2 2524.5
3359.82 1522.12 3328.88 2543.07
3118.5 1652.07 3081.38 2673
3848.62 1658.25 3817.7 2679.2
3112.32 1782 3075.2 2809.12
3650.62 1794.38 3619.7 2815.32
3898.12 1800.57 3867.2 2821.5
3384.57 1924.32 3347.45 2951.45
3508.32 1924.32 3477.38 2951.45
3625.88 1930.5 3594.95 2957.62
3557.82 116.025 3526.88 1113.75
3124.7 193.35 3086.02 1191.1
3225.23 193.35 3186.57 1191.1
3789.85 208.825 3758.9 1206.57
3890.4 208.825 3859.45 1206.57
3124.7 425.4 3086.02 1423.12
3225.23 425.4 3186.57 1430.85
3789.85 433.125 3758.9 1438.6
3859.45 580.075 3828.52 1585.55
3302.57 595.55 3263.9 1593.28
3387.65 703.825 3356.73 1709.3
3116.95 719.3 3086.02 1724.78
3217.5 719.3 3186.57 1724.78
3789.85 734.775 3758.9 1740.22
3890.4 734.775 3859.45 1740.22
3116.95 951.325 3078.27 1964.53
3217.5 951.325 3186.57 1964.53
3789.85 966.8 3758.9 1980
3890.4 966.8 3859.45 1980
3395.4 1067.35 3364.45 2080.55
3511.4 1067.35 3480.48 2080.55
3635.15 1067.35 3604.23 2080.55
3294.85 1106.03 3263.9 2119.23
3851.73 1113.75 3820.77 2126.95
3116.95 1252.97 3078.27 2266.18
3348.98 1252.97 3318.05 2273.9
3650.62 1260.7 3619.7 2273.9
3890.4 1268.45 3859.45 2281.65
3109.23 1485 3078.27 2505.95
3890.4 1500.47 3859.45 2521.4
3116.95 1639.7 3086.02 2668.35
3859.45 1655.15 3828.52 2676.1
3650.62 1771.18 3619.7 2792.1
3890.4 1802.1 3859.45 2830.77
3379.93 1925.85 3348.98 2954.52
3619.7 1925.85 3588.75 2954.52
3132.43 193.35 3093.75 1198.82
3219.43 203.025 3190.43 1198.82
3896.2 212.7 3867.2 1208.5
3132.43 415.725 3093.75 1421.2
3219.43 415.725 3190.43 1421.2
3799.5 435.05 3770.5 1430.85
3896.2 435.05 3867.2 1430.85
3142.1 570.4 3113.07 1575.88
3876.85 580.075 3847.85 1585.55
3383.8 705.75 3354.77 1711.22
3122.75 725.1 3093.75 1730.57
3219.43 725.1 3180.75 1730.57
3519.15 725.1 3480.48 1730.57
3799.5 734.775 3770.5 1740.22
3896.2 734.775 3867.2 1740.22
3374.12 918.45 3354.77 1923.93
3219.43 947.45 3180.75 1962.6
3799.5 957.125 3770.5 1972.28
3896.2 966.8 3867.2 1972.28
3374.12 1063.47 3335.45 2078.62
3519.15 1073.15 3490.12 2078.62
3635.15 1073.15 3596.48 2088.27
3142.1 1102.15 3103.43 2117.27
3306.45 1102.15 3267.77 2117.27
3867.2 1111.82 3828.52 2126.95
3122.75 1256.82 3084.07 2271.98
3354.77 1256.82 3316.12 2271.98
3664.15 1266.5 3625.5 2281.65
3896.2 1266.5 3867.2 2281.65
3122.75 1479.2 3084.07 2504
3896.2 1498.53 3867.2 2513.68
3886.52 1653.22 3857.52 2678.02
3122.75 1788.57 3084.07 2823.05
3896.2 1807.9 3867.2 2832.73
3393.45 1923.93 3354.77 2948.73
3615.82 1923.93 3586.82 2948.73
3130 205.45 3093.75 1196.4
3214.6 205.45 3178.35 1196.4
3770.5 217.525 3746.35 1208.5
3879.27 217.525 3855.1 1208.5
3130 410.9 3093.75 1413.95
3214.6 410.9 3178.35 1413.95
3794.68 422.975 3770.5 1426.03
3879.27 422.975 3855.1 1426.03
3142.1 568 3105.82 1571.05
3867.2 580.075 3843.02 1583.12
3311.27 604.25 3275.02 1607.3
3347.52 713.025 3323.38 1716.07
3130 725.1 3093.75 1728.15
3202.52 725.1 3178.35 1728.15
3794.68 737.175 3770.5 1740.22
3879.27 737.175 3855.1 1740.22
3625.5 918.45 3589.23 1933.6
3130 942.625 3093.75 1945.68
3202.52 942.625 3178.35 1945.68
3794.68 954.7 3770.5 1957.78
3879.27 954.7 3855.1 1957.78
3504.65 1039.3 3480.48 2054.45
3142.1 1099.72 3105.82 2114.88
3117.93 1256.82 3081.68 2271.98
3335.45 1256.82 3311.27 2271.98
3661.75 1268.93 3625.5 2284.05
3879.27 1268.93 3855.1 2284.05
3117.93 1474.38 3081.68 2489.5
3879.27 1486.45 3855.1 2501.57
3130 1631.47 3093.75 2658.7
3867.2 1643.55 3843.02 2670.77
3117.93 1788.57 3081.68 2815.8
3601.32 1909.43 3577.15 2948.73
3202.52 407.875 3172.3 1404.88
3882.3 422.975 3852.07 1419.97
3142.1 574.025 3111.88 1571.05
3867.2 574.025 3836.98 1586.15
3519.75 710 3474.43 1722.1
3202.52 740.2 3172.3 1737.22
3882.3 951.7 3852.07 1963.8
3504.65 1042.32 3474.43 2054.45
3142.1 1102.75 3111.88 2114.88
3867.2 1117.85 3836.98 2129.98
3126.98 1268.93 3096.77 2281.02
3882.3 1284.03 3852.07 2296.15
3126.98 1465.3 3096.77 2492.52
3126.98 1797.65 3096.77 2824.85
3670.8 1812.75 3640.6 2839.98
3882.3 1812.75 3852.07 2839.98
3172.3 396.55 3134.52 1397.32
3493.3 717.55 3474.43 1718.32
3172.3 736.425 3134.52 1756.1
3134.52 1095.2 3096.77 2114.88
3134.52 1265.15 3096.77 2284.82
3323.38 1265.15 3285.6 2284.82
3682.12 1284.03 3644.38 2303.7
3870.98 1284.03 3833.2 2303.7
3134.52 1453.97 3096.77 2473.65
3870.98 1472.85 3833.2 2492.52
3134.52 1623.93 3096.77 2662.48
3870.98 1642.8 3852.07 2662.48
3134.52 1812.75 3096.77 2832.43
3870.98 1831.62 3833.2 2851.3
3162.85 377.65 3115.65 1392.6
3823.75 401.25 3800.15 1392.6
3162.85 731.7 3115.65 1746.65
3823.75 920.525 3800.15 1935.47
3682.12 1274.57 3634.93 2289.52
3139.25 1439.8 3092.05 2454.75
3847.35 1463.43 3823.75 2478.35
3156.95 737.6 3127.45 1740.75
3835.55 737.6 3806.05 1740.75
3156.95 914.625 3127.45 1917.78
3835.55 914.625 3806.05 1917.78
3734.15 829.8 3688.05 1844.03
