3161.68 44.35 3152.15 567.075
3842.77 47.525 3836.45 570.25
3906.15 53.85 3902.98 576.575
3120.48 66.525 3110.98 589.25
3117.3 183.75 3107.8 709.625
3785.75 199.575 3779.43 725.475
3114.15 434.025 3104.65 959.9
3161.68 570.25 3152.15 1099.3
3133.15 573.4 3123.65 1102.47
3861.8 589.25 3855.45 1115.12
3887.12 589.25 3880.8 1115.12
3234.52 712.8 3225.02 1241.85
3110.98 963.075 3101.48 1495.3
3231.35 966.25 3225.02 1498.47
3782.6 975.75 3776.25 1507.97
3145.82 1096.12 3136.32 1631.53
3294.73 1096.12 3285.23 1631.53
3887.12 1099.3 3880.8 1631.53
3110.98 1111.97 3101.48 1644.2
3174.32 1118.3 3164.82 1653.7
3858.62 1118.3 3855.45 1653.7
3855.45 1137.3 3849.12 1672.7
3902.98 1140.47 3896.65 1675.88
3646.38 1251.35 3640.02 1786.75
3107.8 1495.3 3098.3 2033.85
3649.52 1520.65 3643.2 2059.2
3171.18 1622.03 3164.82 2160.57
3902.98 1628.35 3896.65 2166.9
3126.82 1637.85 3117.3 2176.43
3155.32 1656.88 3145.82 2195.43
3868.12 1669.53 3861.8 2208.1
3902.98 1675.88 3896.65 2214.43
3649.52 1774.07 3643.2 2315.8
3104.65 1780.43 3095.12 2322.15
3506.98 1916.65 3497.48 2461.52
3633.7 1932.47 3627.35 2474.2
3104.65 2037.03 3095.12 2581.93
3250.38 2056.02 3240.88 2597.75
3760.43 2065.52 3754.07 2607.27
3120.48 2176.43 3110.98 2724.48
3234.52 2179.57 3228.2 2724.48
3858.62 2192.25 3852.3 2737.15
3890.3 2192.25 3883.98 2737.15
3152.15 2195.43 3145.82 2740.32
3519.65 2198.6 3513.3 2746.65
3247.2 2309.48 3237.7 2857.52
3760.43 2315.8 3754.07 2863.88
3503.8 2328.48 3497.48 2879.7
3630.52 2433.02 3624.2 2981.1
3373.93 2439.35 3364.43 2987.43
3503.8 2455.2 3497.48 3003.27
3101.48 2581.93 3091.98 3133.15
3841.2 51.475 3837.25 574.2
3904.55 51.475 3900.6 574.2
3120.48 63.35 3112.55 586.075
3884.75 83.15 3880.8 605.875
3556.07 122.75 3548.15 645.475
3785.75 201.95 3777.85 724.675
3116.52 431.65 3108.6 958.325
3156.12 566.275 3144.25 1096.93
3868.93 590.05 3861 1116.72
3231.35 712.8 3223.45 1243.45
3231.35 962.275 3223.45 1496.88
3900.6 1096.93 3896.65 1631.53
3112.55 1112.75 3100.68 1647.35
3171.95 1116.72 3164.05 1651.32
3900.6 1136.53 3896.65 1671.12
3112.55 1243.45 3100.68 1778.05
3651.12 1251.35 3643.2 1789.93
3647.15 1516.68 3639.25 2051.27
3373.93 1516.68 3366 2055.25
3168 1623.6 3160.07 2162.15
3900.6 1631.53 3896.65 2170.07
3168 1655.28 3160.07 2193.85
3853.07 1671.12 3849.12 2209.68
3900.6 1675.07 3896.65 2213.65
3108.6 1782 3096.73 2320.55
3377.88 1928.53 3369.95 2471.05
3631.32 1940.4 3623.4 2482.93
3259.07 2055.25 3247.2 2601.73
3235.32 2181.95 3227.4 2728.45
3769.93 2185.93 3765.95 2732.4
3160.07 2193.85 3148.2 2736.35
3857.05 2193.85 3853.07 2736.35
3900.6 2197.8 3896.65 2740.32
3100.68 2320.55 3092.75 2871
3504.6 2332.45 3496.68 2878.93
3906.15 2334.82 3900.6 2882.88
3100.68 2577.95 3092.75 3128.4
3172.95 39.6 3163.05 559.35
3123.45 59.4 3113.55 584.1
3880.8 79.2 3875.85 603.9
3554.1 123.75 3549.15 643.5
3653.1 123.75 3643.2 648.45
3123.45 188.1 3113.55 712.8
3786.75 202.95 3781.8 727.65
3118.5 430.65 3108.6 955.35
3232.35 430.65 3222.45 960.3
3172.95 564.3 3163.05 1093.95
3301.65 589.05 3291.75 1113.75
3118.5 712.8 3108.6 1242.45
3232.35 717.75 3222.45 1247.4
3786.75 727.65 3781.8 1257.3
3227.4 960.3 3222.45 1494.9
3395.7 1059.3 3385.8 1588.95
3643.2 1064.25 3638.25 1593.9
3133.35 1084.05 3123.45 1618.65
3296.7 1098.9 3286.8 1633.5
3168 1113.75 3163.05 1648.35
3846.15 1128.6 3841.2 1658.25
3900.6 1133.55 3895.65 1668.15
3113.55 1242.45 3103.65 1782
3361.05 1247.4 3356.1 1786.95
3653.1 1252.35 3643.2 1791.9
3900.6 1257.3 3895.65 1791.9
3900.6 1633.5 3895.65 2173.05
3118.5 1653.3 3108.6 2192.85
3163.05 1653.3 3153.15 2192.85
3846.15 1653.3 3841.2 2192.85
3900.6 1668.15 3895.65 2207.7
3900.6 1796.85 3895.65 2336.4
3380.85 1930.5 3370.95 2475
3628.35 1935.45 3623.4 2484.9
3108.6 2034.45 3098.7 2578.95
3252.15 2059.2 3242.25 2603.7
3757.05 2069.1 3757.05 2613.6
3237.3 2178 3232.35 2727.45
3108.6 2187.9 3098.7 2732.4
3158.1 2187.9 3153.15 2732.4
3766.95 2182.95 3762 2732.4
3895.65 2202.75 3890.7 2747.25
3247.2 2301.75 3242.25 2851.2
3752.1 2311.65 3747.15 2861.1
3103.65 2321.55 3093.75 2871
3375.9 2430.45 3370.95 2984.85
3628.35 2435.4 3618.45 2984.85
3499.65 2450.25 3489.75 2999.7
3557.82 117.575 3551.62 643.5
3650.62 123.75 3644.45 649.7
3229.88 191.825 3223.7 717.75
3786.75 204.2 3780.57 730.125
3898.12 210.375 3891.95 730.125
3118.5 426.95 3112.32 952.875
3229.88 426.95 3217.5 952.875
3786.75 439.325 3786.75 965.25
3898.12 445.5 3891.95 971.45
3149.45 563.075 3137.07 1089
3848.62 581.625 3842.45 1107.57
3304.12 587.825 3291.75 1119.95
3390.75 699.2 3378.38 1231.32
3223.7 717.75 3217.5 1249.88
3786.75 730.125 3780.57 1256.07
3898.12 730.125 3891.95 1262.25
3118.5 959.075 3106.12 1491.2
3223.7 959.075 3217.5 1491.2
3786.75 971.45 3780.57 1503.57
3898.12 971.45 3891.95 1503.57
3396.95 1058.07 3390.75 1596.38
3483.57 1064.25 3477.38 1596.38
3551.62 1058.07 3545.45 1596.38
3638.25 1064.25 3632.07 1596.38
3297.95 1101.38 3291.75 1633.5
3848.62 1107.57 3842.45 1639.7
3359.82 1249.88 3347.45 1788.2
3650.62 1256.07 3644.45 1794.38
3898.12 1262.25 3891.95 1794.38
3112.32 1491.2 3099.95 2029.5
3650.62 1503.57 3644.45 2041.88
3898.12 1503.57 3891.95 2041.88
3359.82 1522.12 3353.62 2060.45
3118.5 1652.07 3106.12 2190.38
3848.62 1658.25 3842.45 2196.57
3112.32 1782 3099.95 2326.5
3650.62 1794.38 3644.45 2332.7
3898.12 1800.57 3891.95 2338.88
3384.57 1924.32 3372.2 2468.82
3508.32 1924.32 3502.12 2468.82
3625.88 1930.5 3619.7 2475
3106.12 2029.5 3099.95 2574
3898.12 2041.88 3891.95 2586.38
3248.45 2060.45 3242.25 2604.95
3762 2072.82 3749.62 2611.12
3242.25 2178 3236.07 2722.5
3762 2178 3755.82 2728.7
3137.07 2190.38 3124.7 2734.88
3502.12 2190.38 3495.95 2734.88
3891.95 2202.75 3885.75 2747.25
3248.45 2301.75 3236.07 2846.25
3755.82 2307.95 3749.62 2858.62
3106.12 2326.5 3093.75 2871
3898.12 2338.88 3891.95 2883.38
3378.38 2431.7 3372.2 2982.38
3495.95 2444.07 3489.75 2994.75
3557.82 116.025 3550.07 641.95
3124.7 193.35 3116.95 719.3
3225.23 193.35 3217.5 719.3
3789.85 208.825 3782.1 734.775
3890.4 208.825 3890.4 734.775
3124.7 425.4 3109.23 951.325
3225.23 425.4 3217.5 951.325
3789.85 433.125 3782.1 966.8
3890.4 440.85 3890.4 966.8
3124.7 572.35 3116.95 1106.03
3859.45 580.075 3851.73 1106.03
3302.57 595.55 3294.85 1121.47
3387.65 703.825 3379.93 1237.5
3116.95 719.3 3109.23 1252.97
3217.5 719.3 3209.77 1252.97
3789.85 734.775 3782.1 1260.7
3890.4 734.775 3890.4 1268.45
3116.95 951.325 3109.23 1485
3217.5 951.325 3209.77 1485
3789.85 966.8 3782.1 1500.47
3395.4 1067.35 3387.65 1601.03
3635.15 1067.35 3627.43 1601.03
3294.85 1106.03 3287.1 1639.7
3851.73 1113.75 3843.98 1647.43
3116.95 1252.97 3109.23 1786.65
3348.98 1252.97 3341.25 1794.38
3650.62 1260.7 3642.9 1794.38
3890.4 1268.45 3890.4 1802.1
3109.23 1485 3101.48 2026.4
3356.73 1492.72 3348.98 2034.15
3890.4 1500.47 3890.4 2041.88
3116.95 1639.7 3109.23 2181.1
3348.98 1778.9 3341.25 2304.85
3109.23 1786.65 3101.48 2328.05
3890.4 1802.1 3882.65 2343.52
3379.93 1925.85 3372.2 2467.27
3619.7 1925.85 3611.95 2475
3109.23 2026.4 3101.48 2575.55
3890.4 2041.88 3890.4 2583.27
3758.9 2072.82 3758.9 2621.95
3851.73 2196.57 3843.98 2730.23
3751.18 2188.82 3751.18 2745.7
3240.7 2297.1 3232.98 2846.25
3758.9 2304.85 3751.18 2853.98
3109.23 2328.05 3093.75 2877.2
3890.4 2343.52 3890.4 2892.65
3379.93 2444.07 3372.2 2993.2
3619.7 2444.07 3611.95 2993.2
3132.43 193.35 3122.75 725.1
3219.43 203.025 3219.43 725.1
3780.18 203.025 3770.5 734.775
3896.2 212.7 3886.52 734.775
3132.43 415.725 3122.75 947.45
3219.43 415.725 3209.77 947.45
3799.5 435.05 3789.85 957.125
3896.2 435.05 3886.52 957.125
3142.1 570.4 3132.43 1102.15
3876.85 580.075 3867.2 1111.82
3306.45 589.75 3296.77 1121.47
3383.8 705.75 3364.45 1237.5
3122.75 725.1 3122.75 1256.82
3219.43 725.1 3209.77 1256.82
3519.15 725.1 3509.48 1256.82
3799.5 734.775 3789.85 1266.5
3896.2 734.775 3886.52 1266.5
3374.12 918.45 3364.45 1450.2
3122.75 947.45 3113.07 1479.2
3219.43 947.45 3209.77 1479.2
3799.5 957.125 3789.85 1488.88
3896.2 966.8 3886.52 1498.53
3374.12 1063.47 3393.45 1604.88
3519.15 1073.15 3509.48 1604.88
3635.15 1073.15 3625.5 1604.88
3142.1 1102.15 3132.43 1633.88
3306.45 1102.15 3296.77 1643.55
3867.2 1111.82 3857.52 1643.55
3122.75 1256.82 3113.07 1788.57
3354.77 1256.82 3345.12 1798.25
3664.15 1266.5 3654.5 1798.25
3896.2 1266.5 3886.52 1807.9
3122.75 1479.2 3113.07 2020.6
3896.2 1498.53 3886.52 2030.28
3354.77 1527.55 3354.77 2068.95
3142.1 1633.88 3132.43 2175.3
3886.52 1653.22 3876.85 2194.62
3345.12 1749.9 3335.45 2291.3
3122.75 1788.57 3113.07 2329.98
3625.5 1798.25 3615.82 2339.65
3896.2 1807.9 3886.52 2349.32
3393.45 1923.93 3383.8 2465.32
3509.48 1933.6 3509.48 2475
3615.82 1923.93 3615.82 2475
3113.07 2020.6 3103.43 2571.68
3896.2 2039.95 3886.52 2581.35
3248.45 2068.95 3238.77 2610.35
3770.5 2078.62 3760.85 2620.02
3248.45 2194.62 3238.77 2736.02
3876.85 2194.62 3867.2 2736.02
3751.18 2204.3 3751.18 2745.7
3238.77 2291.3 3238.77 2842.38
3760.85 2300.98 3751.18 2852.05
3113.07 2329.98 3103.43 2881.05
3896.2 2349.32 3886.52 2890.73
3499.8 2436.32 3490.12 2987.4
3615.82 2446 3615.82 2987.4
3383.8 2446 3383.8 2997.07
3130 205.45 3117.93 725.1
3214.6 205.45 3202.52 725.1
3770.5 217.525 3770.5 737.175
3879.27 217.525 3879.27 737.175
3130 410.9 3117.93 942.625
3214.6 410.9 3202.52 942.625
3794.68 422.975 3794.68 954.7
3879.27 422.975 3879.27 954.7
3142.1 568 3130 1099.72
3867.2 580.075 3867.2 1111.82
3504.65 713.025 3504.65 1244.75
3130 725.1 3117.93 1256.82
3202.52 725.1 3202.52 1256.82
3794.68 737.175 3794.68 1268.93
3879.27 737.175 3879.27 1268.93
3347.52 918.45 3347.52 1450.2
3625.5 918.45 3613.4 1450.2
3130 942.625 3117.93 1474.38
3794.68 954.7 3794.68 1486.45
3879.27 954.7 3879.27 1486.45
3504.65 1039.3 3504.65 1571.05
3395.88 1075.55 3383.8 1607.3
3625.5 1075.55 3613.4 1607.3
3142.1 1099.72 3130 1631.47
3335.45 1256.82 3335.45 1800.65
3661.75 1268.93 3649.65 1800.65
3879.27 1268.93 3879.27 1800.65
3117.93 1474.38 3105.82 2006.1
3879.27 1486.45 3879.27 2018.2
3130 1631.47 3117.93 2175.3
3867.2 1643.55 3867.2 2187.38
3117.93 1788.57 3105.82 2332.4
3383.8 1921.5 3383.8 2465.32
3601.32 1909.43 3601.32 2465.32
3117.93 2018.2 3105.82 2562
3879.27 2030.28 3879.27 2574.1
3238.77 2066.52 3238.77 2610.35
3758.43 2078.62 3746.35 2622.43
3130 2175.3 3117.93 2719.12
3746.35 2187.38 3734.25 2719.12
3250.85 2175.3 3238.77 2731.2
3867.2 2187.38 3867.2 2731.2
3238.77 2284.05 3226.68 2827.88
3746.35 2296.15 3746.35 2839.98
3117.93 2332.4 3105.82 2876.23
3879.27 2344.48 3879.27 2888.3
3383.8 2429.07 3383.8 2984.98
3202.52 211.475 3202.52 725.1
3791.65 211.475 3776.55 740.2
3202.52 407.875 3202.52 936.575
3142.1 574.025 3142.1 1102.75
3867.2 574.025 3867.2 1102.75
3519.75 710 3504.65 1238.7
3202.52 740.2 3202.52 1268.93
3232.73 936.575 3202.52 1465.3
3142.1 1102.75 3126.98 1631.47
3867.2 1117.85 3867.2 1646.57
3670.8 1268.93 3670.8 1812.75
3882.3 1284.03 3867.2 1812.75
3126.98 1465.3 3126.98 2009.12
3142.1 1631.47 3126.98 2175.3
3126.98 1797.65 3126.98 2341.45
3670.8 1812.75 3670.8 2356.57
3610.38 1933.6 3610.38 2477.43
3126.98 2009.12 3111.88 2552.95
3247.82 2069.55 3247.82 2613.38
3867.2 2190.4 3867.2 2734.23
3247.82 2296.15 3247.82 2839.98
3882.3 2356.57 3867.2 2900.4
3134.52 566.475 3134.52 1095.2
3870.98 566.475 3870.98 1095.2
3493.3 717.55 3493.3 1246.25
3172.3 736.425 3134.52 1265.15
3814.32 755.3 3814.32 1284.03
3606.6 849.725 3606.6 1378.45
3870.98 1114.07 3870.98 1642.8
3134.52 1265.15 3134.52 1812.75
3870.98 1284.03 3870.98 1812.75
3134.52 1453.97 3134.52 2001.57
3134.52 1623.93 3134.52 2171.52
3870.98 1642.8 3870.98 2190.4
3134.52 1812.75 3134.52 2360.35
3823.75 401.25 3823.75 920.525
3162.85 920.525 3139.25 1439.8
3682.12 1274.57 3682.12 1817.47
3139.25 1439.8 3139.25 1982.7
3847.35 1817.47 3847.35 2360.35
3800.15 2242.32 3800.15 2785.2
3156.95 737.6 3156.95 1268.68
3835.55 737.6 3835.55 1268.68
3156.95 914.625 3156.95 1445.7
3835.55 914.625 3835.55 1445.7
