3234.52 2179.57 4131.08 2711.8
3235.32 2181.95 4134.25 2712.6
3769.93 2185.93 4662.9 2717.55
3252.15 2059.2 4148.1 2588.85
3757.05 2069.1 4648.05 2598.75
3237.3 2178 4133.25 2717.55
3108.6 2187.9 4004.55 2722.5
3499.65 2187.9 4395.6 2722.5
3247.2 2301.75 4148.1 2836.35
3752.1 2311.65 4648.05 2846.25
3628.35 2435.4 4524.3 2970
3499.65 2450.25 4395.6 2984.85
3118.5 1652.07 4009.5 2178
3384.57 1924.32 4275.58 2456.45
3508.32 1924.32 4399.33 2456.45
3625.88 1930.5 4516.88 2462.62
3248.45 2060.45 4145.62 2592.57
3242.25 2178 4139.45 2710.12
3248.45 2301.75 4145.62 2833.88
3755.82 2307.95 4653 2840.07
3378.38 2431.7 4275.58 2970
3625.88 2437.88 4523.08 2970
3495.95 2444.07 4393.12 2982.38
3225.23 193.35 4099.23 719.3
3225.23 425.4 4099.23 943.6
3217.5 719.3 4099.23 1245.22
3217.5 951.325 4099.23 1477.28
3650.62 1260.7 4540.08 1786.65
3116.95 1639.7 4006.4 2173.35
3650.62 1771.18 4540.08 2297.1
3109.23 1786.65 4006.4 2320.32
3379.93 1925.85 4277.1 2451.8
3495.95 1925.85 4393.12 2459.52
3619.7 1925.85 4509.15 2459.52
3109.23 2026.4 4006.4 2560.07
3240.7 2065.07 4137.9 2598.75
3248.45 2188.82 4137.9 2722.5
3503.68 2196.57 4400.85 2730.23
3240.7 2297.1 4137.9 2830.77
3109.23 2328.05 4006.4 2861.73
3379.93 2444.07 4277.1 2977.73
3511.4 2444.07 4400.85 2977.73
3619.7 2444.07 4516.88 2977.73
3132.43 193.35 4012.2 715.425
3219.43 203.025 4099.23 715.425
3780.18 203.025 4650.3 725.1
3132.43 415.725 4012.2 937.8
3219.43 415.725 4099.23 937.8
3142.1 570.4 4031.55 1102.15
3122.75 725.1 4012.2 1247.18
3219.43 725.1 4099.23 1247.18
3122.75 947.45 4012.2 1469.53
3219.43 947.45 4099.23 1469.53
3142.1 1102.15 4021.88 1624.22
3122.75 1256.82 4012.2 1778.9
3354.77 1256.82 4244.25 1788.57
3664.15 1266.5 4543.95 1788.57
3122.75 1479.2 4012.2 2010.95
3354.77 1527.55 4244.25 2059.27
3142.1 1633.88 4031.55 2165.62
3393.45 1923.93 4282.9 2455.68
3615.82 1923.93 4514.95 2465.32
3509.48 1933.6 4408.6 2465.32
3113.07 2020.6 4012.2 2552.35
3248.45 2068.95 4137.9 2600.68
3132.43 2175.3 4031.55 2707.02
3238.77 2291.3 4137.9 2832.73
3113.07 2329.98 4012.2 2871.38
3499.8 2436.32 4389.25 2968.07
3383.8 2446 4282.9 2977.73
3615.82 2446 4514.95 2977.73
3130 205.45 4012.2 725.1
3214.6 205.45 4084.73 725.1
3130 410.9 4012.2 930.55
3142.1 568 4024.3 1087.65
3130 725.1 4012.2 1244.75
3202.52 725.1 4084.73 1244.75
3130 942.625 4012.2 1462.28
3202.52 942.625 4084.73 1462.28
3142.1 1099.72 4024.3 1619.38
3117.93 1256.82 4012.2 1788.57
3335.45 1256.82 4229.73 1788.57
3661.75 1268.93 4543.95 1788.57
3117.93 1474.38 4012.2 2006.1
3613.4 1486.45 4501.65 2009.12
3130 1631.47 4024.3 2163.2
3117.93 1788.57 4012.2 2320.32
3601.32 1909.43 4495.6 2453.25
3383.8 1921.5 4278.08 2453.25
3492.55 1933.6 4386.85 2465.32
3117.93 2018.2 4012.2 2549.93
3238.77 2066.52 4133.05 2598.27
3130 2175.3 4024.3 2707.02
3250.85 2175.3 4145.15 2707.02
3480.48 2175.3 4374.75 2707.02
3238.77 2284.05 4133.05 2815.8
3117.93 2332.4 4012.2 2864.12
3383.8 2429.07 4290.15 2972.9
3613.4 2429.07 4507.7 2960.82
3202.52 211.475 4078.68 725.1
3232.73 936.575 4124 1465.3
3142.1 1102.75 4033.35 1631.47
3126.98 1268.93 4018.25 1797.65
3338.48 1268.93 4229.73 1797.65
3126.98 1465.3 4018.25 1994.03
3142.1 1631.47 4033.35 2160.18
3126.98 1797.65 4018.25 2326.35
3610.38 1933.6 4501.65 2462.3
3126.98 2009.12 4018.25 2537.85
3247.82 2296.15 4154.2 2824.85
3172.3 736.425 4059.8 1265.15
3228.95 925.25 4116.45 1453.97
3134.52 1095.2 4022.02 1623.93
3323.38 1265.15 4210.85 1793.85
3682.12 1284.03 4569.62 1812.75
3134.52 1453.97 4022.02 1982.7
3134.52 1623.93 4022.02 2152.62
3134.52 1812.75 4022.02 2341.45
3682.12 1812.75 4569.62 2341.45
3162.85 377.65 4036.2 896.925
3162.85 920.525 4036.2 1439.8
3068.45 1156.57 3965.38 1699.45
3564.12 1817.47 4461.05 2360.35
3156.95 914.625 4042.1 1445.7
