3161.68 44.35 1501.62 579.75
3120.48 66.525 1460.45 605.1
3117.3 183.75 1454.1 722.3
3161.68 570.25 1492.12 1111.97
3133.15 573.4 1463.62 1115.12
3861.8 589.25 2195.43 1127.8
3887.12 589.25 2223.93 1127.8
3234.52 712.8 1565 1254.53
3906.15 978.9 2236.6 1520.65
3145.82 1096.12 1469.95 1641.03
3110.98 1111.97 1431.93 1656.88
3174.32 1118.3 1498.47 1663.2
3858.62 1118.3 2185.93 1663.2
3855.45 1137.3 2182.75 1682.2
3646.38 1251.35 1970.5 1796.25
3649.52 1520.65 1970.5 2068.7
3171.18 1622.03 1488.95 2170.07
3902.98 1628.35 2223.93 2176.43
3126.82 1637.85 1441.45 2185.93
3839.62 1647.35 2157.4 2195.43
3155.32 1656.88 1469.95 2204.93
3868.12 1669.53 2182.75 2217.6
3902.98 1675.88 2220.77 2220.77
3649.52 1774.07 1968.12 2320.55
3506.98 1916.65 1818.43 2467.88
3633.7 1932.47 1945.15 2483.7
3104.65 2037.03 1412.93 2588.25
3250.38 2056.02 1558.65 2604.1
3760.43 2065.52 2071.88 2613.6
3120.48 2176.43 1425.6 2727.65
3234.52 2179.57 1542.82 2730.82
3858.62 2192.25 2170.07 2743.5
3890.3 2192.25 2198.6 2743.5
3519.65 2198.6 1824.78 2749.82
3247.2 2309.48 1552.32 2860.7
3760.43 2315.8 2068.7 2867.05
3503.8 2328.48 1808.93 2879.7
3906.15 2334.82 2214.43 2886.05
3630.52 2433.02 1935.65 2984.25
3373.93 2439.35 1675.88 2990.6
3503.8 2455.2 1808.93 3006.43
3160.07 39.6 1496.88 578.15
3904.55 51.475 2249.27 590.05
3120.48 63.35 1461.25 601.925
3884.75 83.15 2229.48 621.725
3120.48 186.125 1457.28 724.675
3156.12 566.275 1485 1108.8
3868.93 590.05 2201.75 1132.55
3128.4 1085.05 1453.32 1627.55
3112.55 1112.75 1433.53 1655.28
3171.95 1116.72 1496.88 1659.25
3853.07 1136.53 2178 1679.05
3900.6 1136.53 2225.52 1683
3651.12 1251.35 1972.07 1797.85
3647.15 1516.68 1964.15 2063.15
3168 1623.6 1485 2170.07
3900.6 1631.53 2221.55 2178
3168 1655.28 1481.05 2201.75
3900.6 1675.07 2221.55 2221.55
3108.6 1782 1417.68 2328.48
3631.32 1940.4 1944.35 2490.85
3104.65 2035.45 1413.72 2585.88
3112.55 2170.07 1417.68 2720.52
3769.93 2185.93 2079 2736.35
3160.07 2193.85 1465.2 2744.27
3900.6 2197.8 2209.68 2748.25
3251.15 2304.73 1560.25 2859.12
3504.6 2332.45 1809.72 2886.85
3500.65 2451.25 1805.75 3005.65
3100.68 2577.95 1401.85 3132.35
3172.95 39.6 1514.7 574.2
3846.15 54.45 2187.9 589.05
3123.45 59.4 1460.25 598.95
3880.8 79.2 2227.5 618.75
3123.45 188.1 1460.25 727.65
3786.75 202.95 2128.5 742.5
3118.5 430.65 1450.35 970.2
3232.35 430.65 1569.15 970.2
3786.75 445.5 2123.55 985.05
3172.95 564.3 1504.8 1103.85
3846.15 574.2 2182.95 1113.75
3118.5 712.8 1445.4 1257.3
3232.35 717.75 1559.25 1257.3
3786.75 727.65 2118.6 1267.2
3227.4 960.3 1554.3 1504.8
3133.35 1084.05 1455.3 1628.55
3900.6 1098.9 2227.5 1643.4
3168 1113.75 1494.9 1658.25
3846.15 1128.6 2173.05 1668.15
3900.6 1133.55 2227.5 1678.05
3361.05 1247.4 1683 1791.9
3653.1 1252.35 1975.05 1796.85
3900.6 1257.3 2227.5 1801.8
3118.5 1618.65 1435.5 2168.1
3900.6 1633.5 2217.6 2178
3118.5 1653.3 1430.55 2202.75
3846.15 1653.3 2163.15 2197.8
3900.6 1668.15 2217.6 2217.6
3499.65 1920.6 1811.7 2470.05
3380.85 1930.5 1692.9 2479.95
3628.35 1935.45 1940.4 2489.85
3108.6 2034.45 1415.7 2583.9
3900.6 2049.3 2212.65 2598.75
3252.15 2059.2 1564.2 2608.65
3757.05 2069.1 2069.1 2618.55
3237.3 2178 1544.4 2732.4
3766.95 2182.95 2079 2737.35
3846.15 2182.95 2158.2 2732.4
3108.6 2187.9 1415.7 2742.3
3158.1 2187.9 1465.2 2737.35
3499.65 2187.9 1806.75 2737.35
3895.65 2202.75 2207.7 2752.2
3247.2 2301.75 1559.25 2856.15
3752.1 2311.65 2064.15 2861.1
3900.6 2336.4 2207.7 2885.85
3375.9 2430.45 1678.05 2984.85
3628.35 2435.4 1930.5 2989.8
3499.65 2450.25 1801.8 3004.65
3650.62 123.75 1992.38 662.075
3124.7 191.825 1460.25 730.125
3229.88 191.825 1565.45 730.125
3786.75 204.2 2128.5 742.5
3898.12 210.375 2239.88 742.5
3118.5 426.95 1454.07 965.25
3229.88 426.95 1565.45 971.45
3786.75 439.325 2128.5 977.625
3149.45 563.075 1478.82 1101.38
3223.7 717.75 1559.25 1262.25
3786.75 730.125 2122.32 1268.45
3898.12 730.125 2233.7 1274.62
3223.7 959.075 1553.07 1497.38
3786.75 971.45 2116.12 1509.75
3898.12 971.45 2227.5 1515.95
3396.95 1058.07 1720.12 1602.57
3161.82 1107.57 1485 1652.07
3848.62 1107.57 2178 1652.07
3359.82 1249.88 1683 1794.38
3650.62 1256.07 1973.82 1800.57
3898.12 1262.25 2221.32 1806.75
3112.32 1491.2 1429.32 2035.7
3650.62 1503.57 1972.28 2049.6
3898.12 1503.57 2221.32 2048.07
3118.5 1652.07 1429.32 2196.57
3848.62 1658.25 2165.62 2202.75
3112.32 1782 1423.12 2332.7
3650.62 1794.38 1967.62 2338.88
3898.12 1800.57 2215.12 2345.07
3384.57 1924.32 1695.38 2475
3508.32 1924.32 1825.32 2475
3625.88 1930.5 1936.7 2481.2
3106.12 2029.5 1416.95 2580.2
3898.12 2041.88 2208.95 2592.57
3248.45 2060.45 1559.25 2611.12
3762 2072.82 2066.62 2617.32
3242.25 2178 1546.88 2722.5
3762 2178 2072.82 2728.7
3137.07 2190.38 1441.7 2741.07
3502.12 2190.38 1812.95 2741.07
3891.95 2202.75 2202.75 2753.45
3248.45 2301.75 1553.07 2852.45
3755.82 2307.95 2060.45 2858.62
3106.12 2326.5 1410.75 2877.2
3898.12 2338.88 2208.95 2889.57
3378.38 2431.7 1683 2988.57
3625.88 2437.88 1924.32 2994.75
3495.95 2444.07 1800.57 3000.95
3124.7 193.35 1461.8 734.775
3225.23 193.35 1562.35 734.775
3789.85 208.825 2134.7 750.225
3890.4 208.825 2235.23 750.225
3124.7 425.4 1454.07 959.075
3225.23 425.4 1554.6 966.8
3789.85 433.125 2126.95 974.525
3859.45 580.075 2196.57 1121.47
3302.57 595.55 1631.95 1136.95
3116.95 719.3 1446.32 1260.7
3217.5 719.3 1554.6 1260.7
3789.85 734.775 2126.95 1276.18
3890.4 734.775 2227.5 1276.18
3217.5 951.325 1546.88 1500.47
3789.85 966.8 2119.23 1508.2
3890.4 966.8 2227.5 1508.2
3395.4 1067.35 1724.78 1608.75
3511.4 1067.35 1840.78 1616.47
3294.85 1106.03 1624.22 1647.43
3851.73 1113.75 2181.1 1655.15
3116.95 1252.97 1438.6 1794.38
3348.98 1252.97 1678.35 1802.1
3650.62 1260.7 1980 1802.1
3890.4 1268.45 2219.77 1809.85
3109.23 1485 1430.85 2034.15
3890.4 1500.47 2212.02 2049.6
3116.95 1639.7 1430.85 2196.57
3859.45 1655.15 2173.35 2204.3
3348.98 1778.9 1662.9 2312.57
3109.23 1786.65 1423.12 2335.77
3890.4 1802.1 2212.02 2351.25
3379.93 1925.85 1693.82 2475
3619.7 1925.85 1933.6 2482.73
3109.23 2026.4 1415.4 2575.55
3890.4 2041.88 2204.3 2591.02
3240.7 2065.07 1554.6 2614.23
3758.9 2072.82 2065.07 2621.95
3140.15 2165.62 1446.32 2730.23
3248.45 2188.82 1554.6 2730.23
3751.18 2188.82 2065.07 2753.45
3503.68 2196.57 1809.85 2745.7
3240.7 2297.1 1546.88 2853.98
3758.9 2304.85 2057.35 2861.73
3109.23 2328.05 1407.65 2884.93
3890.4 2343.52 2204.3 2892.65
3379.93 2444.07 1686.1 3000.95
3619.7 2444.07 1925.85 2993.2
3132.43 193.35 1469.53 734.775
3219.43 203.025 1556.55 734.775
3780.18 203.025 2117.27 744.425
3896.2 212.7 2233.3 754.1
3132.43 415.725 1459.88 957.125
3219.43 415.725 1556.55 957.125
3896.2 435.05 2233.3 976.475
3142.1 570.4 1479.2 1111.82
3876.85 580.075 2204.3 1121.47
3122.75 725.1 1450.2 1266.5
3219.43 725.1 1546.88 1266.5
3519.15 725.1 1846.57 1266.5
3799.5 734.775 2126.95 1276.18
3896.2 734.775 2223.62 1276.18
3122.75 947.45 1450.2 1488.88
3219.43 947.45 1546.88 1488.88
3799.5 957.125 2126.95 1508.2
3896.2 966.8 2223.62 1508.2
3519.15 1073.15 1846.57 1614.55
3635.15 1073.15 1962.6 1614.55
3142.1 1102.15 1459.88 1643.55
3306.45 1102.15 1624.22 1653.22
3867.2 1111.82 2194.62 1653.22
3122.75 1256.82 1440.53 1798.25
3354.77 1256.82 1672.55 1807.9
3664.15 1266.5 1981.93 1807.9
3896.2 1266.5 2213.98 1817.57
3122.75 1479.2 1440.53 2030.28
3896.2 1498.53 2213.98 2039.95
3354.77 1527.55 1672.55 2078.62
3142.1 1633.88 1450.2 2184.95
3886.52 1653.22 2204.3 2204.3
3122.75 1788.57 1430.85 2339.65
3896.2 1807.9 2204.3 2358.98
3393.45 1923.93 1701.57 2465.32
3509.48 1933.6 1827.25 2484.68
3113.07 2020.6 1421.2 2571.68
3896.2 2039.95 2204.3 2581.35
3770.5 2078.62 2078.62 2629.7
3132.43 2175.3 1440.53 2726.38
3519.15 2184.95 1827.25 2745.7
3248.45 2194.62 1556.55 2726.38
3876.85 2194.62 2184.95 2745.7
3751.18 2204.3 2059.27 2755.38
3238.77 2291.3 1537.2 2842.38
3760.85 2300.98 2068.95 2852.05
3113.07 2329.98 1421.2 2890.73
3896.2 2349.32 2194.62 2900.4
3383.8 2446 1691.9 2997.07
3615.82 2446 1923.93 2997.07
3130 205.45 1474.38 737.175
3214.6 205.45 1546.88 737.175
3130 410.9 1462.28 954.7
3214.6 410.9 1546.88 954.7
3794.68 422.975 2139.05 966.8
3879.27 422.975 2223.62 966.8
3142.1 568 1474.38 1111.82
3867.2 580.075 2211.55 1123.9
3504.65 713.025 1849 1256.82
3130 725.1 1462.28 1268.93
3202.52 725.1 1534.8 1268.93
3794.68 737.175 2126.95 1281
3879.27 737.175 2211.55 1281
3130 942.625 1450.2 1486.45
3794.68 954.7 2126.95 1498.53
3879.27 954.7 2211.55 1498.53
3504.65 1039.3 1836.93 1583.12
3625.5 1075.55 1945.68 1619.38
3142.1 1099.72 1462.28 1643.55
3117.93 1256.82 1450.2 1800.65
3335.45 1256.82 1667.72 1800.65
3661.75 1268.93 1981.93 1812.75
3879.27 1268.93 2211.55 1812.75
3117.93 1474.38 1438.1 2018.2
3359.62 1486.45 1679.8 2030.28
3879.27 1486.45 2199.48 2030.28
3867.2 1643.55 2187.38 2187.38
3117.93 1788.57 1426.03 2344.48
3879.27 1812.75 2199.48 2356.57
3117.93 2018.2 1426.03 2562
3879.27 2030.28 2199.48 2574.1
3238.77 2066.52 1546.88 2622.43
3758.43 2078.62 2066.52 2622.43
3130 2175.3 1438.1 2719.12
3250.85 2175.3 1558.95 2731.2
3746.35 2187.38 2054.45 2743.27
3867.2 2187.38 2175.3 2731.2
3238.77 2284.05 1546.88 2839.98
3117.93 2332.4 1413.95 2888.3
3879.27 2344.48 2187.38 2900.4
3383.8 2429.07 1691.9 2984.98
3480.48 2429.07 1788.57 2984.98
3613.4 2429.07 1921.5 2984.98
3791.65 211.475 2129.98 755.3
3142.1 574.025 1480.4 1117.85
3867.2 574.025 2205.5 1117.85
3519.75 710 1842.95 1253.82
3202.52 740.2 1525.72 1284.03
3232.73 936.575 1555.95 1480.4
3882.3 951.7 2205.5 1495.53
3504.65 1042.32 1827.85 1586.15
3142.1 1102.75 1465.3 1646.57
3126.98 1268.93 1450.2 1812.75
3338.48 1268.93 1661.68 1812.75
3670.8 1268.93 1994.03 1812.75
3882.3 1284.03 2205.5 1827.85
3126.98 1465.3 1450.2 2009.12
3882.3 1480.4 2205.5 2024.22
3142.1 1631.47 1450.2 2190.4
3126.98 1797.65 1435.1 2356.57
3882.3 1812.75 2190.4 2371.68
3126.98 2009.12 1435.1 2552.95
3882.3 2024.22 2190.4 2568.05
3247.82 2069.55 1555.95 2628.48
3867.2 2190.4 2175.3 2734.23
3247.82 2296.15 1555.95 2839.98
3126.98 2341.45 1419.97 2900.4
3882.3 2356.57 2190.4 2915.5
3870.98 566.475 2209.27 1114.07
3493.3 717.55 1831.62 1265.15
3172.3 736.425 1472.85 1284.03
3134.52 1095.2 1453.97 1642.8
3870.98 1114.07 2190.4 1661.68
3134.52 1265.15 1453.97 1812.75
3323.38 1265.15 1642.8 1812.75
3682.12 1284.03 2001.57 1831.62
3870.98 1284.03 2190.4 1831.62
3134.52 1453.97 1453.97 2001.57
3323.38 1453.97 1642.8 2001.57
3870.98 1472.85 2190.4 2020.45
3870.98 1642.8 2190.4 2190.4
3134.52 1812.75 1453.97 2360.35
3870.98 1831.62 2190.4 2379.23
3162.85 377.65 1510.62 920.525
3823.75 401.25 2171.52 944.15
3162.85 731.7 1487.03 1274.57
3564.12 755.3 1888.28 1298.2
3162.85 920.525 1487.03 1463.43
3304.48 1250.97 1628.62 1793.85
3682.12 1274.57 2006.3 1817.47
3847.35 1298.2 2171.52 1841.07
3139.25 1439.8 1463.43 1982.7
3847.35 1463.43 2171.52 2006.3
3156.95 737.6 1504.72 1268.68
3835.55 737.6 2153.82 1298.2
3156.95 914.625 1504.72 1445.7
3835.55 914.625 2153.82 1475.22
3097.95 1733.38 1401.45 2286.57
