3088.8 491.05 1473.12 41.175
3152.15 519.55 1536.47 66.525
3855.45 532.225 2239.77 79.2
3088.8 538.55 1473.12 85.525
3621.02 915.55 1995.85 459.35
3082.48 1016.92 1460.45 560.725
3126.82 1039.1 1501.62 579.75
3082.48 1061.28 1460.45 605.1
3079.3 1435.1 1447.78 972.575
3123.65 1574.5 1492.12 1111.97
3098.3 1577.68 1463.62 1115.12
3830.1 1590.32 2195.43 1127.8
3858.62 1590.32 2223.93 1127.8
3079.3 1717.05 1444.6 1251.35
3199.68 1720.22 1565 1254.53
3754.07 1729.72 2118.6 1267.2
3110.98 2109.9 1469.95 1641.03
3139.5 2132.07 1498.47 1663.2
3830.1 2132.07 2185.93 1663.2
3823.77 2151.07 2182.75 1682.2
3614.7 2265.12 1970.5 1796.25
3136.32 2645.27 1488.95 2170.07
3874.48 2648.45 2223.93 2176.43
3091.98 2661.12 1441.45 2185.93
3811.1 2670.62 2157.4 2195.43
3120.48 2680.12 1469.95 2204.93
3833.27 2692.8 2182.75 2217.6
3871.3 2695.98 2220.77 2220.77
3345.4 2958.9 1688.55 2480.55
3602.02 2958.9 1945.15 2483.7
3215.52 3085.62 1558.65 2604.1
3731.9 3091.98 2071.88 2613.6
3088.8 495 1473.12 43.55
3088.8 534.6 1473.12 83.15
3857.05 534.6 2237.4 83.15
3619.45 665.275 1999.8 212.85
3338.27 906.85 1714.68 451.45
3084.85 1021.67 1461.25 562.325
3124.45 1037.53 1496.88 578.15
3876.85 1045.45 2249.27 590.05
3084.85 1061.28 1461.25 601.925
3853.07 1077.12 2229.48 621.725
3084.85 1184.05 1457.28 724.675
3199.68 1437.47 1568.15 974.15
3120.48 1572.12 1485 1108.8
3837.25 1591.93 2201.75 1132.55
3080.88 1718.65 1445.4 1255.32
3096.73 2094.85 1453.32 1627.55
3072.95 2126.52 1433.53 1655.28
3136.32 2130.48 1496.88 1659.25
3821.4 2150.27 2178 1679.05
3868.93 2150.27 2225.52 1683
3619.45 2269.07 1972.07 1797.85
3615.48 2534.4 1964.15 2063.15
3132.35 2645.27 1485 2170.07
3872.88 2649.25 2221.55 2178
3809.52 2669.05 2162.15 2197.8
3872.88 2696.75 2221.55 2221.55
3072.95 2807.65 1417.68 2328.48
3599.65 2966.05 1944.35 2490.85
3223.45 3084.85 1564.2 2605.68
3718.45 3092.75 2063.15 2613.6
3143.25 514.8 1524.6 59.4
3093.75 529.65 1475.1 79.2
3336.3 905.85 1712.7 450.45
3623.4 910.8 1999.8 455.4
3870.9 915.75 2247.3 460.35
3088.8 1019.7 1465.2 564.3
3816.45 1044.45 2187.9 589.05
3088.8 1059.3 1460.25 598.95
3851.1 1074.15 2227.5 618.75
3757.05 1197.9 2128.5 742.5
3083.85 1430.55 1450.35 970.2
3138.3 1569.15 1504.8 1103.85
3197.7 1722.6 1559.25 1257.3
3757.05 1732.5 2118.6 1267.2
3192.75 1970.1 1554.3 1504.8
3098.7 2098.8 1455.3 1628.55
3133.35 2128.5 1494.9 1658.25
3865.95 2148.3 2227.5 1678.05
3078.9 2262.15 1435.5 1791.9
3326.4 2262.15 1683 1791.9
3618.45 2267.1 1975.05 1796.85
3870.9 2272.05 2227.5 1801.8
3073.95 2514.6 1425.6 2039.4
3870.9 2524.5 2222.55 2054.25
3326.4 2539.35 1678.05 2064.15
3128.4 2648.25 1480.05 2173.05
3870.9 2653.2 2217.6 2178
3816.45 2673 2163.15 2197.8
3083.85 2677.95 1430.55 2202.75
3870.9 2692.8 2217.6 2217.6
3073.95 2806.65 1420.65 2331.45
3870.9 2821.5 2217.6 2346.3
3474.9 2950.2 1817.65 2467.07
3093.75 655.875 1472.62 204.2
3867.2 674.45 2252.25 222.75
3087.57 897.2 1466.45 439.325
3335.07 903.375 1707.75 445.5
3625.88 903.375 2004.75 451.7
3867.2 909.575 2246.07 457.875
3130.88 1051.88 1503.57 594
3854.82 1070.45 2227.5 612.575
3526.88 1113.75 1887.2 655.875
3619.7 1119.95 1992.38 662.075
3087.57 1188 1460.25 730.125
3192.75 1188 1565.45 730.125
3755.82 1200.38 2128.5 742.5
3192.75 1429.32 1565.45 971.45
3755.82 1441.7 2128.5 977.625
3873.38 1441.7 2239.88 983.825
3842.45 1596.38 2208.95 1138.5
3081.38 1720.12 1447.88 1256.07
3192.75 1726.32 1559.25 1262.25
3755.82 1732.5 2122.32 1268.45
3867.2 1738.7 2233.7 1274.62
3081.38 1967.62 1441.7 1497.38
3192.75 1967.62 1553.07 1497.38
3755.82 1980 2116.12 1509.75
3867.2 1980 2227.5 1515.95
3483.57 2085.2 1837.7 1614.95
3823.88 2116.12 2178 1652.07
3130.88 2122.32 1485 1652.07
3322.7 2264.62 1683 1794.38
3619.7 2270.82 1973.82 1800.57
3867.2 2277 2221.32 1806.75
3075.2 2512.12 1429.32 2035.7
3867.2 2524.5 2221.32 2048.07
3081.38 2673 1429.32 2196.57
3817.7 2679.2 2165.62 2202.75
3075.2 2809.12 1423.12 2332.7
3619.7 2815.32 1967.62 2338.88
3867.2 2821.5 2215.12 2345.07
3347.45 2951.45 1695.38 2475
3477.38 2951.45 1825.32 2475
3594.95 2957.62 1936.7 2481.2
3093.75 657.425 1477.28 208.825
3859.45 680.625 2242.98 224.3
3093.75 889.45 1469.53 433.125
3325.77 897.2 1701.57 440.85
3627.43 904.925 2003.2 448.6
3859.45 904.925 2242.98 448.6
3124.7 1044.15 1500.47 587.825
3851.73 1051.88 2227.5 595.55
3635.15 1113.75 2010.95 657.425
3086.02 1191.1 1461.8 734.775
3186.57 1191.1 1562.35 734.775
3758.9 1206.57 2134.7 750.225
3859.45 1206.57 2235.23 750.225
3086.02 1423.12 1454.07 959.075
3186.57 1430.85 1554.6 966.8
3758.9 1438.6 2126.95 974.525
3116.95 1585.55 1485 1121.47
3828.52 1585.55 2196.57 1121.47
3263.9 1593.28 1631.95 1136.95
3086.02 1724.78 1446.32 1260.7
3186.57 1724.78 1554.6 1260.7
3488.2 1740.22 1856.25 1276.18
3758.9 1740.22 2126.95 1276.18
3859.45 1740.22 2227.5 1276.18
3186.57 1964.53 1546.88 1500.47
3758.9 1980 2119.23 1508.2
3364.45 2080.55 1724.78 1608.75
3480.48 2080.55 1840.78 1616.47
3093.75 2119.23 1454.07 1647.43
3263.9 2119.23 1624.22 1647.43
3820.77 2126.95 2181.1 1655.15
3078.27 2266.18 1438.6 1794.38
3318.05 2273.9 1678.35 1802.1
3619.7 2273.9 1980 1802.1
3859.45 2281.65 2219.77 1809.85
3078.27 2505.95 1430.85 2034.15
3859.45 2521.4 2212.02 2049.6
3318.05 2544.6 1670.62 2072.82
3086.02 2668.35 1430.85 2196.57
3828.52 2676.1 2173.35 2204.3
3078.27 2815.32 1423.12 2335.77
3859.45 2830.77 2212.02 2351.25
3348.98 2954.52 1693.82 2475
3480.48 2954.52 1825.32 2475
3588.75 2954.52 1933.6 2482.73
3103.43 667.1 1479.2 212.7
3867.2 676.75 2242.98 232.025
3103.43 889.45 1479.2 435.05
3325.77 889.45 1701.57 435.05
3635.15 899.125 2010.95 444.725
3867.2 899.125 2242.98 444.725
3103.43 1034.47 1498.53 580.075
3838.18 1053.8 2213.98 599.425
3490.12 1102.15 1865.93 647.75
3644.82 1111.82 2020.6 647.75
3093.75 1198.82 1469.53 734.775
3190.43 1198.82 1556.55 734.775
3867.2 1208.5 2233.3 754.1
3093.75 1421.2 1459.88 957.125
3190.43 1421.2 1556.55 957.125
3770.5 1430.85 2136.62 966.8
3867.2 1430.85 2233.3 976.475
3113.07 1575.88 1479.2 1111.82
3847.85 1585.55 2204.3 1121.47
3277.45 1604.88 1643.55 1140.82
3093.75 1730.57 1450.2 1266.5
3180.75 1730.57 1546.88 1266.5
3480.48 1730.57 1846.57 1266.5
3770.5 1740.22 2126.95 1276.18
3867.2 1740.22 2223.62 1276.18
3093.75 1962.6 1450.2 1488.88
3180.75 1962.6 1546.88 1488.88
3770.5 1972.28 2126.95 1508.2
3867.2 1972.28 2223.62 1508.2
3490.12 2078.62 1846.57 1614.55
3596.48 2088.27 1962.6 1614.55
3103.43 2117.27 1459.88 1643.55
3267.77 2117.27 1624.22 1653.22
3828.52 2126.95 2194.62 1653.22
3084.07 2271.98 1440.53 1798.25
3316.12 2271.98 1672.55 1807.9
3625.5 2281.65 1981.93 1807.9
3867.2 2281.65 2213.98 1817.57
3084.07 2504 1440.53 2030.28
3867.2 2513.68 2213.98 2039.95
3093.75 2658.7 1450.2 2184.95
3857.52 2678.02 2204.3 2204.3
3084.07 2823.05 1430.85 2339.65
3867.2 2832.73 2204.3 2358.98
3354.77 2948.73 1701.57 2465.32
3586.82 2948.73 1933.6 2484.68
3490.12 2958.4 1827.25 2484.68
3105.82 664.675 1486.45 217.525
3589.23 676.75 1969.85 229.625
3855.1 688.85 2235.73 229.625
3093.75 882.2 1474.38 422.975
3311.27 882.2 1691.9 422.975
3637.57 894.275 2006.1 435.05
3855.1 894.275 2235.73 435.05
3105.82 1039.3 1474.38 580.075
3830.93 1051.4 2211.55 592.175
3480.48 1099.72 1861.07 640.5
3637.57 1099.72 2018.2 640.5
3093.75 1196.4 1474.38 737.175
3178.35 1196.4 1546.88 737.175
3746.35 1208.5 2114.88 749.275
3855.1 1208.5 2223.62 749.275
3093.75 1413.95 1462.28 954.7
3178.35 1413.95 1546.88 954.7
3770.5 1426.03 2139.05 966.8
3855.1 1426.03 2223.62 966.8
3105.82 1571.05 1474.38 1111.82
3843.02 1583.12 2211.55 1123.9
3275.02 1607.3 1643.55 1135.97
3093.75 1728.15 1462.28 1268.93
3178.35 1728.15 1534.8 1268.93
3480.48 1728.15 1849 1256.82
3855.1 1740.22 2211.55 1281
3093.75 1945.68 1450.2 1486.45
3770.5 1957.78 2126.95 1498.53
3855.1 1957.78 2211.55 1498.53
3480.48 2054.45 1836.93 1583.12
3347.52 2078.62 1716.07 1607.3
3589.23 2078.62 1945.68 1619.38
3105.82 2114.88 1462.28 1643.55
3275.02 2126.95 1631.47 1655.65
3843.02 2126.95 2199.48 1655.65
3081.68 2271.98 1450.2 1800.65
3311.27 2271.98 1667.72 1800.65
3625.5 2284.05 1981.93 1812.75
3855.1 2284.05 2211.55 1812.75
3081.68 2489.5 1438.1 2018.2
3855.1 2501.57 2199.48 2030.28
3843.02 2670.77 2187.38 2187.38
3081.68 2815.8 1426.03 2344.48
3855.1 2827.88 2199.48 2356.57
3359.62 2948.73 1703.97 2477.43
3577.15 2948.73 1921.5 2477.43
3111.88 876.15 1480.4 422.975
3308.25 876.15 1691.9 422.975
3640.6 876.15 2024.22 422.975
3852.07 891.275 2220.6 438.075
3111.88 1042.32 1480.4 574.025
3489.52 1087.65 1873.18 634.45
3111.88 1208.5 1480.4 740.2
3776.55 1223.6 2129.98 755.3
3836.98 1586.15 2205.5 1117.85
3474.43 1722.1 1842.95 1253.82
3172.3 1737.22 1525.72 1284.03
3776.55 1752.32 2145.07 1284.03
3852.07 1963.8 2205.5 1495.53
3474.43 2054.45 1827.85 1586.15
3111.88 2114.88 1465.3 1646.57
3293.15 2129.98 1646.57 1661.68
3096.77 2281.02 1450.2 1812.75
3640.6 2296.15 1994.03 1812.75
3852.07 2296.15 2205.5 1827.85
3096.77 2492.52 1450.2 2009.12
3625.5 2492.52 1978.9 2024.22
3852.07 2507.62 2205.5 2024.22
3308.25 2552.95 1661.68 2084.65
3096.77 2658.7 1450.2 2190.4
3836.98 2673.8 2190.4 2190.4
3096.77 2824.85 1435.1 2356.57
3852.07 2839.98 2190.4 2371.68
3115.65 868.6 1491.72 415.425
3304.48 868.6 1680.57 415.425
3644.38 868.6 2020.45 415.425
3833.2 868.6 2209.27 415.425
3833.2 1038.55 2209.27 585.375
3115.65 1208.5 1510.62 755.3
3814.32 1227.38 2209.27 774.2
3833.2 1586.15 2209.27 1114.07
3474.43 1718.32 1831.62 1265.15
3134.52 1926.05 1491.72 1472.85
3568.85 2058.23 1926.05 1586.15
3096.77 2114.88 1453.97 1642.8
3833.2 2114.88 2190.4 1642.8
3833.2 2133.75 2190.4 1661.68
3096.77 2284.82 1453.97 1812.75
3285.6 2284.82 1642.8 1812.75
3644.38 2303.7 2001.57 1831.62
3833.2 2303.7 2190.4 1831.62
3096.77 2473.65 1453.97 2001.57
3833.2 2492.52 2190.4 2020.45
3096.77 2662.48 1453.97 2190.4
3644.38 2756.88 1982.7 2284.82
3280.88 849.725 1652.25 401.25
3658.52 849.725 2029.9 401.25
3823.75 849.725 2195.12 401.25
3115.65 1392.6 1510.62 920.525
3115.65 1746.65 1487.03 1274.57
3800.15 1770.25 2171.52 1298.2
3800.15 1935.47 2171.52 1463.43
3540.52 2053.5 1911.88 1581.43
3115.65 2289.52 1463.43 1817.47
3823.75 2289.52 2171.52 1841.07
3823.75 2478.35 2171.52 2006.3
3280.88 2572.77 1628.62 2100.7
3540.52 2572.77 1888.28 2100.7
3021.25 2738 1369 2265.93
3127.45 1740.75 1504.72 1268.68
3806.05 1740.75 2153.82 1298.2
3127.45 1917.78 1504.72 1445.7
3806.05 1917.78 2153.82 1475.22
3127.45 2301.32 1475.22 1829.28
3798.68 1770.25 2175.95 1290.82
3734.15 1290.82 2120.62 829.8
3688.05 1844.03 2074.52 1336.93
