3088.8 491.05 3117.3 25.35
3814.27 513.225 3839.62 44.35
3855.45 532.225 3880.8 63.35
3088.8 538.55 3114.15 69.7
3814.27 548.075 3839.62 79.2
3339.07 643.1 3364.43 174.25
3605.18 665.275 3630.52 196.425
3621.02 915.55 3646.38 443.525
3082.48 1016.92 3110.98 544.9
3126.82 1039.1 3152.15 567.075
3811.1 1042.28 3836.45 570.25
3877.62 1048.6 3902.98 576.575
3082.48 1061.28 3110.98 589.25
3525.98 1115.12 3551.32 643.1
3627.35 1124.65 3652.7 652.6
3754.07 1197.5 3779.43 725.475
3877.62 1197.5 3902.98 725.475
3079.3 1435.1 3104.65 959.9
3202.85 1438.28 3228.2 963.075
3123.65 1574.5 3152.15 1099.3
3098.3 1577.68 3123.65 1102.47
3263.05 1590.32 3288.38 1115.12
3830.1 1590.32 3855.45 1115.12
3858.62 1590.32 3880.8 1115.12
3199.68 1720.22 3225.02 1241.85
3754.07 1729.72 3779.43 1254.53
3877.62 1732.9 3902.98 1257.7
3199.68 1976.82 3225.02 1498.47
3750.9 1986.32 3776.25 1507.97
3877.62 1989.5 3902.98 1511.12
3459.45 2068.7 3484.8 1590.32
3516.48 2068.7 3541.82 1590.32
3614.7 2068.7 3640.02 1590.32
3110.98 2109.9 3136.32 1631.53
3259.88 2109.9 3285.23 1631.53
3855.45 2109.9 3880.8 1631.53
3076.12 2116.23 3101.48 1644.2
3139.5 2132.07 3164.82 1653.7
3830.1 2132.07 3855.45 1653.7
3823.77 2151.07 3849.12 1672.7
3871.3 2154.25 3896.65 1675.88
3332.73 2261.95 3358.07 1780.43
3614.7 2265.12 3640.02 1786.75
3877.62 2268.3 3902.98 1789.93
3877.62 2531.23 3902.98 2049.7
3617.85 2540.73 3643.2 2059.2
3136.32 2645.27 3164.82 2160.57
3874.48 2648.45 3896.65 2166.9
3091.98 2661.12 3117.3 2176.43
3811.1 2670.62 3833.27 2185.93
3120.48 2680.12 3145.82 2195.43
3833.27 2692.8 3861.8 2208.1
3871.3 2695.98 3896.65 2214.43
3326.4 2794.18 3351.75 2309.48
3619.45 2799.73 3643.2 2315.8
3345.4 2958.9 3370.75 2474.2
3602.02 2958.9 3627.35 2474.2
3877.62 3079.3 3902.98 2594.6
3215.52 3085.62 3240.88 2597.75
3731.9 3091.98 3754.07 2607.27
3813.48 514.8 3841.2 43.55
3088.8 534.6 3116.52 67.325
3813.48 542.525 3841.2 75.25
3084.85 902.875 3112.55 431.65
3338.27 906.85 3362.05 435.6
3623.4 910.8 3647.15 443.525
3084.85 1021.67 3112.55 546.475
3813.48 1045.45 3837.25 574.2
3876.85 1045.45 3900.6 574.2
3084.85 1061.28 3112.55 586.075
3853.07 1077.12 3880.8 605.875
3524.4 1116.72 3548.15 645.475
3203.65 1184.05 3227.4 712.8
3754.07 1195.93 3777.85 724.675
3120.48 1572.12 3144.25 1096.93
3263.05 1591.93 3290.75 1116.72
3837.25 1591.93 3861 1116.72
3080.88 1718.65 3104.65 1243.45
3199.68 1718.65 3223.45 1243.45
3195.73 1976.05 3223.45 1496.88
3457.07 2067.12 3480.85 1591.93
3516.48 2071.07 3540.25 1591.93
3615.48 2071.07 3639.25 1591.93
3096.73 2094.85 3120.48 1619.65
3868.93 2110.68 3896.65 1631.53
3072.95 2126.52 3100.68 1647.35
3136.32 2130.48 3164.05 1651.32
3868.93 2150.27 3896.65 1671.12
3619.45 2269.07 3643.2 1789.93
3615.48 2534.4 3639.25 2051.27
3132.35 2645.27 3160.07 2162.15
3872.88 2649.25 3896.65 2170.07
3821.4 2692.8 3849.12 2209.68
3872.88 2696.75 3896.65 2213.65
3072.95 2807.65 3096.73 2320.55
3599.65 2966.05 3623.4 2482.93
3069 3069 3096.73 2581.93
3223.45 3084.85 3247.2 2601.73
3718.45 3092.75 3746.15 2609.65
3143.25 514.8 3168 44.55
3093.75 529.65 3118.5 64.35
3865.95 534.6 3890.7 69.3
3088.8 653.4 3113.55 183.15
3619.45 665.275 3643.2 198
3870.9 673.2 3895.65 202.95
3336.3 905.85 3361.05 430.65
3870.9 915.75 3895.65 445.5
3088.8 1019.7 3113.55 549.45
3816.45 1044.45 3841.2 574.2
3088.8 1059.3 3113.55 584.1
3851.1 1074.15 3875.85 603.9
3524.4 1118.7 3549.15 643.5
3618.45 1118.7 3643.2 648.45
3197.7 1188 3222.45 712.8
3757.05 1197.9 3781.8 727.65
3083.85 1430.55 3108.6 955.35
3197.7 1435.5 3222.45 960.3
3757.05 1445.4 3781.8 970.2
3870.9 1445.4 3895.65 970.2
3138.3 1569.15 3163.05 1093.95
3267 1593.9 3291.75 1113.75
3841.2 1598.85 3865.95 1123.65
3356.1 1702.8 3380.85 1227.6
3078.9 1717.65 3108.6 1242.45
3197.7 1722.6 3222.45 1247.4
3757.05 1732.5 3781.8 1257.3
3870.9 1732.5 3895.65 1257.3
3192.75 1970.1 3222.45 1494.9
3757.05 1980 3781.8 1504.8
3361.05 2069.1 3385.8 1588.95
3519.45 2069.1 3544.2 1593.9
3613.5 2074.05 3638.25 1593.9
3098.7 2098.8 3123.45 1618.65
3262.05 2113.65 3286.8 1633.5
3133.35 2128.5 3163.05 1648.35
3865.95 2148.3 3895.65 1668.15
3078.9 2262.15 3103.65 1782
3326.4 2262.15 3356.1 1786.95
3618.45 2267.1 3643.2 1791.9
3870.9 2272.05 3895.65 1791.9
3073.95 2514.6 3098.7 2029.5
3870.9 2524.5 3895.65 2044.35
3601.12 2524.5 3628.35 2049.3
3326.4 2539.35 3351.15 2059.2
3128.4 2648.25 3158.1 2163.15
3870.9 2653.2 3895.65 2173.05
3083.85 2677.95 3108.6 2192.85
3816.45 2673 3841.2 2192.85
3870.9 2692.8 3895.65 2207.7
3073.95 2806.65 3098.7 2321.55
3870.9 2821.5 3895.65 2336.4
3474.9 2950.2 3504.6 2465.1
3346.2 2955.15 3370.95 2475
3598.65 2965.05 3623.4 2484.9
3870.9 3073.95 3895.65 2588.85
3093.75 655.875 3118.5 185.625
3364.45 667.1 3384.57 191.825
3867.2 674.45 3891.95 204.2
3087.57 897.2 3112.32 426.95
3335.07 903.375 3359.82 426.95
3625.88 903.375 3650.62 433.125
3867.2 909.575 3891.95 439.325
3130.88 1051.88 3161.82 575.45
3854.82 1070.45 3873.38 600.2
3526.88 1113.75 3551.62 643.5
3619.7 1119.95 3644.45 649.7
3192.75 1188 3223.7 717.75
3755.82 1200.38 3780.57 730.125
3867.2 1206.57 3891.95 730.125
3087.57 1429.32 3112.32 952.875
3192.75 1429.32 3217.5 952.875
3755.82 1441.7 3786.75 965.25
3267 1590.2 3291.75 1119.95
3353.62 1707.75 3378.38 1231.32
3440.25 1707.75 3471.2 1231.32
3081.38 1720.12 3112.32 1243.7
3192.75 1726.32 3217.5 1249.88
3755.82 1732.5 3780.57 1256.07
3867.2 1738.7 3891.95 1262.25
3192.75 1967.62 3217.5 1491.2
3755.82 1980 3780.57 1503.57
3867.2 1980 3891.95 1503.57
3520.7 2072.82 3545.45 1596.38
3607.32 2072.82 3632.07 1596.38
3260.82 2109.95 3291.75 1633.5
3823.88 2116.12 3842.45 1639.7
3322.7 2264.62 3347.45 1788.2
3619.7 2270.82 3644.45 1794.38
3075.2 2512.12 3099.95 2029.5
3867.2 2524.5 3891.95 2041.88
3328.88 2543.07 3353.62 2060.45
3081.38 2673 3106.12 2190.38
3817.7 2679.2 3842.45 2196.57
3322.7 2790.57 3347.45 2307.95
3075.2 2809.12 3099.95 2326.5
3619.7 2815.32 3644.45 2332.7
3867.2 2821.5 3891.95 2338.88
3347.45 2951.45 3372.2 2468.82
3477.38 2951.45 3502.12 2468.82
3594.95 2957.62 3619.7 2475
3093.75 657.425 3116.95 193.35
3859.45 680.625 3890.4 208.825
3093.75 889.45 3116.95 417.65
3325.77 897.2 3348.98 425.4
3627.43 904.925 3650.62 433.125
3124.7 1044.15 3155.62 572.35
3635.15 1113.75 3666.1 641.95
3086.02 1191.1 3116.95 719.3
3186.57 1191.1 3217.5 719.3
3758.9 1206.57 3782.1 734.775
3859.45 1206.57 3890.4 734.775
3086.02 1423.12 3109.23 951.325
3186.57 1430.85 3217.5 951.325
3758.9 1438.6 3782.1 966.8
3867.2 1438.6 3890.4 966.8
3828.52 1585.55 3851.73 1106.03
3263.9 1593.28 3294.85 1121.47
3356.73 1709.3 3379.93 1237.5
3186.57 1724.78 3209.77 1252.97
3758.9 1740.22 3782.1 1260.7
3859.45 1740.22 3890.4 1268.45
3078.27 1964.53 3109.23 1485
3186.57 1964.53 3209.77 1485
3758.9 1980 3782.1 1500.47
3364.45 2080.55 3387.65 1601.03
3604.23 2080.55 3627.43 1601.03
3093.75 2119.23 3116.95 1639.7
3263.9 2119.23 3287.1 1639.7
3820.77 2126.95 3843.98 1647.43
3078.27 2266.18 3109.23 1786.65
3318.05 2273.9 3341.25 1794.38
3619.7 2273.9 3642.9 1794.38
3078.27 2505.95 3101.48 2026.4
3325.77 2504 3348.98 2034.15
3859.45 2521.4 3890.4 2041.88
3086.02 2668.35 3109.23 2181.1
3619.7 2792.1 3650.62 2304.85
3078.27 2815.32 3101.48 2328.05
3859.45 2830.77 3882.65 2343.52
3348.98 2954.52 3372.2 2467.27
3480.48 2954.52 3503.68 2475
3588.75 2954.52 3611.95 2475
3103.43 667.1 3122.75 193.35
3867.2 676.75 3886.52 212.7
3103.43 889.45 3122.75 415.725
3325.77 889.45 3354.77 415.725
3635.15 899.125 3664.15 425.4
3867.2 899.125 3886.52 435.05
3103.43 1034.47 3142.1 570.4
3838.18 1053.8 3867.2 580.075
3490.12 1102.15 3519.15 628.425
3644.82 1111.82 3673.82 638.075
3093.75 1198.82 3122.75 725.1
3190.43 1198.82 3219.43 725.1
3867.2 1208.5 3886.52 734.775
3093.75 1421.2 3122.75 947.45
3190.43 1421.2 3209.77 947.45
3770.5 1430.85 3789.85 957.125
3867.2 1430.85 3886.52 957.125
3113.07 1575.88 3132.43 1102.15
3847.85 1585.55 3867.2 1111.82
3093.75 1730.57 3122.75 1256.82
3180.75 1730.57 3209.77 1256.82
3480.48 1730.57 3509.48 1256.82
3770.5 1740.22 3789.85 1266.5
3867.2 1740.22 3886.52 1266.5
3596.48 1933.6 3625.5 1450.2
3180.75 1962.6 3209.77 1479.2
3770.5 1972.28 3789.85 1488.88
3867.2 1972.28 3886.52 1498.53
3490.12 2078.62 3509.48 1604.88
3596.48 2088.27 3625.5 1604.88
3103.43 2117.27 3132.43 1633.88
3267.77 2117.27 3296.77 1643.55
3828.52 2126.95 3857.52 1643.55
3084.07 2271.98 3113.07 1788.57
3316.12 2271.98 3345.12 1798.25
3625.5 2281.65 3654.5 1798.25
3867.2 2281.65 3886.52 1807.9
3084.07 2504 3113.07 2020.6
3867.2 2513.68 3886.52 2030.28
3857.52 2678.02 3876.85 2194.62
3084.07 2823.05 3113.07 2329.98
3867.2 2832.73 3886.52 2349.32
3354.77 2948.73 3383.8 2465.32
3490.12 2958.4 3509.48 2475
3586.82 2948.73 3615.82 2475
3105.82 664.675 3130 193.35
3589.23 676.75 3613.4 205.45
3855.1 688.85 3879.27 217.525
3093.75 882.2 3130 410.9
3311.27 882.2 3335.45 410.9
3637.57 894.275 3661.75 422.975
3855.1 894.275 3879.27 422.975
3105.82 1039.3 3130 568
3830.93 1051.4 3855.1 580.075
3480.48 1099.72 3516.73 628.425
3093.75 1196.4 3117.93 725.1
3178.35 1196.4 3202.52 725.1
3746.35 1208.5 3770.5 737.175
3855.1 1208.5 3879.27 737.175
3093.75 1413.95 3117.93 942.625
3178.35 1413.95 3202.52 942.625
3770.5 1426.03 3794.68 954.7
3855.1 1426.03 3879.27 954.7
3105.82 1571.05 3130 1099.72
3843.02 1583.12 3867.2 1111.82
3275.02 1607.3 3299.2 1123.9
3480.48 1728.15 3504.65 1244.75
3093.75 1728.15 3117.93 1256.82
3178.35 1728.15 3202.52 1256.82
3855.1 1740.22 3879.27 1268.93
3589.23 1933.6 3613.4 1450.2
3093.75 1945.68 3117.93 1474.38
3770.5 1957.78 3794.68 1486.45
3855.1 1957.78 3879.27 1486.45
3480.48 2054.45 3504.65 1571.05
3589.23 2078.62 3613.4 1607.3
3105.82 2114.88 3130 1631.47
3843.02 2126.95 3867.2 1643.55
3311.27 2271.98 3335.45 1800.65
3625.5 2284.05 3649.65 1800.65
3855.1 2284.05 3879.27 1800.65
3081.68 2489.5 3105.82 2006.1
3855.1 2501.57 3879.27 2018.2
3093.75 2658.7 3117.93 2175.3
3843.02 2670.77 3867.2 2187.38
3625.5 2779.55 3649.65 2296.15
3081.68 2815.8 3105.82 2332.4
3855.1 2827.88 3879.27 2344.48
3359.62 2948.73 3383.8 2465.32
3468.38 2948.73 3492.55 2465.32
3577.15 2948.73 3601.32 2465.32
3111.88 876.15 3142.1 407.875
3308.25 876.15 3338.48 407.875
3640.6 876.15 3670.8 407.875
3852.07 891.275 3882.3 422.975
3489.52 1087.65 3519.75 619.35
3836.98 1586.15 3867.2 1102.75
3474.43 1722.1 3504.65 1238.7
3776.55 1752.32 3806.77 1268.93
3580.18 2099.75 3610.38 1616.38
3836.98 2129.98 3867.2 1646.57
3308.25 2250.82 3338.48 1767.43
3096.77 2281.02 3126.98 1797.65
3640.6 2296.15 3670.8 1812.75
3096.77 2492.52 3126.98 2009.12
3308.25 2552.95 3338.48 2069.55
3096.77 2658.7 3126.98 2175.3
3836.98 2673.8 3867.2 2190.4
3096.77 2824.85 3126.98 2341.45
3640.6 2839.98 3670.8 2356.57
3115.65 868.6 3134.52 396.55
3304.48 868.6 3323.38 396.55
3115.65 1038.55 3134.52 566.475
3493.3 1076.32 3531.07 604.25
3474.43 1718.32 3493.3 1246.25
2383.95 2006.3 2417 1529.5
3096.77 2114.88 3134.52 1623.93
3285.6 2284.82 3323.38 1774.97
3852.07 2662.48 3870.98 2190.4
3644.38 2756.88 3663.25 2284.82
3280.88 849.725 3304.48 377.65
3044.85 967.75 3068.45 495.675
3422.5 1038.55 3446.1 566.475
3139.25 1203.78 3162.85 731.7
3800.15 1227.38 3823.75 755.3
3800.15 1392.6 3823.75 920.525
3540.52 1652.25 3564.12 1180.18
3115.65 1746.65 3139.25 1274.57
3800.15 1770.25 3823.75 1274.57
3115.65 1911.88 3139.25 1439.8
3800.15 1935.47 3823.75 1463.43
3115.65 2289.52 3139.25 1817.47
3823.75 2478.35 3847.35 1982.7
3127.45 1209.68 3156.95 737.6
3776.55 1209.68 3806.05 737.6
2389.85 1239.18 2419.35 767.1
3127.45 1386.7 3156.95 914.625
3127.45 1740.75 3156.95 1268.68
3806.05 1740.75 3835.55 1268.68
3511 1770.25 3540.52 1298.2
3127.45 1917.78 3156.95 1445.7
3806.05 1917.78 3835.55 1445.7
3761.8 1143.3 3798.68 774.5
