3718.45 3092.75 4648.05 2598.75
3603.6 242.55 4524.3 2970
3474.9 2950.2 4400.55 2450.25
3601.12 241.325 4523.08 2970
3130.88 1051.88 4040.45 575.45
3112.32 1590.2 4028.07 1107.57
3081.38 2673 4009.5 2178
3347.45 2951.45 4275.58 2456.45
3477.38 2951.45 4399.33 2456.45
3594.95 2957.62 4516.88 2462.62
3124.7 1044.15 4037.35 572.35
3186.57 1191.1 4099.23 719.3
3186.57 1430.85 4099.23 943.6
3116.95 1585.55 4029.6 1098.28
3186.57 1724.78 4099.23 1245.22
3186.57 1964.53 4099.23 1477.28
3093.75 2119.23 4014.15 1631.95
3619.7 2273.9 4540.08 1786.65
3318.05 2544.6 4238.45 2049.6
3086.02 2668.35 4006.4 2173.35
3619.7 2792.1 4540.08 2297.1
3078.27 2815.32 4006.4 2320.32
3348.98 2954.52 4277.1 2451.8
3480.48 2954.52 4393.12 2459.52
3588.75 2954.52 4509.15 2459.52
3103.43 667.1 4012.2 193.35
3103.43 889.45 4012.2 415.725
3325.77 889.45 4234.58 415.725
3103.43 1034.47 4012.2 560.75
3490.12 1102.15 4398.92 618.75
3093.75 1198.82 4012.2 715.425
3190.43 1198.82 4099.23 715.425
3093.75 1421.2 4012.2 937.8
3190.43 1421.2 4099.23 937.8
3113.07 1575.88 4031.55 1102.15
3093.75 1730.57 4012.2 1247.18
3180.75 1730.57 4099.23 1247.18
3093.75 1962.6 4012.2 1469.53
3180.75 1962.6 4099.23 1469.53
3103.43 2117.27 4021.88 1624.22
3084.07 2271.98 4012.2 1778.9
3316.12 2271.98 4244.25 1788.57
3625.5 2281.65 4543.95 1788.57
3084.07 2504 4012.2 2010.95
3093.75 2658.7 4031.55 2165.62
3354.77 2948.73 4282.9 2455.68
3586.82 2948.73 4514.95 2465.32
3490.12 2958.4 4408.6 2465.32
3105.82 664.675 4012.2 193.35
3093.75 882.2 4012.2 410.9
3311.27 882.2 4217.65 410.9
3105.82 1039.3 4012.2 555.9
3480.48 1099.72 4386.85 616.325
3093.75 1196.4 4012.2 725.1
3178.35 1196.4 4084.73 725.1
3093.75 1413.95 4012.2 930.55
3178.35 1413.95 4084.73 930.55
3105.82 1571.05 4024.3 1087.65
3093.75 1728.15 4012.2 1244.75
3178.35 1728.15 4084.73 1244.75
3093.75 1945.68 4012.2 1462.28
3178.35 1945.68 4084.73 1462.28
3105.82 2114.88 4024.3 1619.38
3081.68 2271.98 4012.2 1788.57
3311.27 2271.98 4229.73 1788.57
3625.5 2284.05 4543.95 1788.57
3081.68 2489.5 4012.2 2006.1
3625.5 2549.93 4543.95 2066.52
3625.5 2779.55 4543.95 2296.15
3081.68 2815.8 4012.2 2320.32
3359.62 2827.88 4278.08 2332.4
3359.62 2948.73 4278.08 2453.25
3468.38 2948.73 4386.85 2465.32
3577.15 2948.73 4495.6 2453.25
3111.88 876.15 4018.25 392.75
3308.25 876.15 4214.62 407.875
3640.6 876.15 4546.98 407.875
3111.88 1042.32 4018.25 558.925
3489.52 1087.65 4411 619.35
3172.3 1404.88 4093.77 921.475
3111.88 1571.05 4033.35 1087.65
3217.62 1948.7 4124 1465.3
3111.88 2114.88 4033.35 1631.47
3308.25 2250.82 4229.73 1797.65
3096.77 2281.02 4018.25 1797.65
3096.77 2492.52 4018.25 1994.03
3308.25 2552.95 4229.73 2069.55
3096.77 2658.7 4033.35 2160.18
3096.77 2824.85 4018.25 2326.35
3640.6 2839.98 4562.08 2326.35
3115.65 868.6 4022.02 396.55
3304.48 868.6 4210.85 396.55
3644.38 868.6 4550.75 396.55
3134.52 1397.32 4059.8 906.375
3115.65 1586.15 4022.02 1076.32
3134.52 1756.1 4059.8 1265.15
3096.77 2114.88 4022.02 1623.93
3285.6 2284.82 4210.85 1793.85
3644.38 2303.7 4569.62 1812.75
3096.77 2473.65 4022.02 1982.7
3285.6 2568.05 4210.85 2020.45
3096.77 2662.48 4022.02 2152.62
3096.77 2832.43 4022.02 2341.45
3280.88 849.725 4177.8 377.65
3422.5 1038.55 4319.42 566.475
3139.25 1203.78 4036.2 731.7
3115.65 1392.6 4036.2 896.925
3115.65 1746.65 4036.2 1274.57
3115.65 1911.88 4036.2 1439.8
3540.52 2053.5 4461.05 1581.43
3280.88 2289.52 4201.4 1770.25
3280.88 2572.77 4201.4 2077.1
3540.52 2572.77 4461.05 2077.1
3127.45 1209.68 4042.1 737.6
3127.45 1386.7 4042.1 914.625
3127.45 1740.75 4042.1 1239.18
3127.45 1917.78 4042.1 1445.7
3127.45 2301.32 4042.1 1681.75
3061.07 1475.22 3983.07 1032.65
3061.07 2028.43 3983.07 1696.5
