1473.12 41.175 3088.8 491.05
1536.47 66.525 3152.15 519.55
2239.77 79.2 3855.45 532.225
1473.12 85.525 3088.8 538.55
1995.85 459.35 3621.02 915.55
1460.45 560.725 3082.48 1016.92
1501.62 579.75 3126.82 1039.1
1460.45 605.1 3082.48 1061.28
1447.78 972.575 3079.3 1435.1
1492.12 1111.97 3123.65 1574.5
1463.62 1115.12 3098.3 1577.68
2195.43 1127.8 3830.1 1590.32
2223.93 1127.8 3858.62 1590.32
1444.6 1251.35 3079.3 1717.05
1565 1254.53 3199.68 1720.22
2118.6 1267.2 3754.07 1729.72
1469.95 1641.03 3110.98 2109.9
1498.47 1663.2 3139.5 2132.07
2185.93 1663.2 3830.1 2132.07
2182.75 1682.2 3823.77 2151.07
1970.5 1796.25 3614.7 2265.12
1488.95 2170.07 3136.32 2645.27
2223.93 2176.43 3874.48 2648.45
1441.45 2185.93 3091.98 2661.12
2157.4 2195.43 3811.1 2670.62
1469.95 2204.93 3120.48 2680.12
2182.75 2217.6 3833.27 2692.8
2220.77 2220.77 3871.3 2695.98
1688.55 2480.55 3345.4 2958.9
1945.15 2483.7 3602.02 2958.9
1558.65 2604.1 3215.52 3085.62
2071.88 2613.6 3731.9 3091.98
1473.12 43.55 3088.8 495
1473.12 83.15 3088.8 534.6
2237.4 83.15 3857.05 534.6
1999.8 212.85 3619.45 665.275
1714.68 451.45 3338.27 906.85
1461.25 562.325 3084.85 1021.67
1496.88 578.15 3124.45 1037.53
2249.27 590.05 3876.85 1045.45
1461.25 601.925 3084.85 1061.28
2229.48 621.725 3853.07 1077.12
1457.28 724.675 3084.85 1184.05
1568.15 974.15 3199.68 1437.47
1485 1108.8 3120.48 1572.12
2201.75 1132.55 3837.25 1591.93
1445.4 1255.32 3080.88 1718.65
1453.32 1627.55 3096.73 2094.85
1433.53 1655.28 3072.95 2126.52
1496.88 1659.25 3136.32 2130.48
2178 1679.05 3821.4 2150.27
2225.52 1683 3868.93 2150.27
1972.07 1797.85 3619.45 2269.07
1964.15 2063.15 3615.48 2534.4
1485 2170.07 3132.35 2645.27
2221.55 2178 3872.88 2649.25
2162.15 2197.8 3809.52 2669.05
2221.55 2221.55 3872.88 2696.75
1417.68 2328.48 3072.95 2807.65
1944.35 2490.85 3599.65 2966.05
1564.2 2605.68 3223.45 3084.85
2063.15 2613.6 3718.45 3092.75
1524.6 59.4 3143.25 514.8
1475.1 79.2 3093.75 529.65
1712.7 450.45 3336.3 905.85
1999.8 455.4 3623.4 910.8
2247.3 460.35 3870.9 915.75
1465.2 564.3 3088.8 1019.7
2187.9 589.05 3816.45 1044.45
1460.25 598.95 3088.8 1059.3
2227.5 618.75 3851.1 1074.15
2128.5 742.5 3757.05 1197.9
1450.35 970.2 3083.85 1430.55
1504.8 1103.85 3138.3 1569.15
1559.25 1257.3 3197.7 1722.6
1554.3 1504.8 3192.75 1970.1
1455.3 1628.55 3098.7 2098.8
1494.9 1658.25 3133.35 2128.5
2227.5 1678.05 3865.95 2148.3
1435.5 1791.9 3078.9 2262.15
1683 1791.9 3326.4 2262.15
1975.05 1796.85 3618.45 2267.1
2227.5 1801.8 3870.9 2272.05
1425.6 2039.4 3073.95 2514.6
2222.55 2054.25 3870.9 2524.5
1678.05 2064.15 3326.4 2539.35
1480.05 2173.05 3128.4 2648.25
2217.6 2178 3870.9 2653.2
2163.15 2197.8 3816.45 2673
1430.55 2202.75 3083.85 2677.95
2217.6 2217.6 3870.9 2692.8
1420.65 2331.45 3073.95 2806.65
2217.6 2346.3 3870.9 2821.5
1817.65 2467.07 3474.9 2950.2
1472.62 204.2 3093.75 655.875
2252.25 222.75 3867.2 674.45
1466.45 439.325 3087.57 897.2
1707.75 445.5 3335.07 903.375
2004.75 451.7 3625.88 903.375
2246.07 457.875 3867.2 909.575
1503.57 594 3130.88 1051.88
2227.5 612.575 3854.82 1070.45
1887.2 655.875 3526.88 1113.75
1992.38 662.075 3619.7 1119.95
1460.25 730.125 3087.57 1188
1565.45 730.125 3192.75 1188
1565.45 971.45 3192.75 1429.32
2128.5 977.625 3755.82 1441.7
2239.88 983.825 3873.38 1441.7
2208.95 1138.5 3842.45 1596.38
1447.88 1256.07 3081.38 1720.12
1559.25 1262.25 3192.75 1726.32
2122.32 1268.45 3755.82 1732.5
2233.7 1274.62 3867.2 1738.7
1441.7 1497.38 3081.38 1967.62
1553.07 1497.38 3192.75 1967.62
2116.12 1509.75 3755.82 1980
2227.5 1515.95 3867.2 1980
1837.7 1614.95 3483.57 2085.2
2178 1652.07 3823.88 2116.12
1485 1652.07 3130.88 2122.32
1683 1794.38 3322.7 2264.62
1973.82 1800.57 3619.7 2270.82
2221.32 1806.75 3867.2 2277
1429.32 2035.7 3075.2 2512.12
2221.32 2048.07 3867.2 2524.5
1429.32 2196.57 3081.38 2673
2165.62 2202.75 3817.7 2679.2
1423.12 2332.7 3075.2 2809.12
1967.62 2338.88 3619.7 2815.32
2215.12 2345.07 3867.2 2821.5
1695.38 2475 3347.45 2951.45
1825.32 2475 3477.38 2951.45
1936.7 2481.2 3594.95 2957.62
1477.28 208.825 3093.75 657.425
2242.98 224.3 3859.45 680.625
1469.53 433.125 3093.75 889.45
1701.57 440.85 3325.77 897.2
2003.2 448.6 3627.43 904.925
2242.98 448.6 3859.45 904.925
1500.47 587.825 3124.7 1044.15
2227.5 595.55 3851.73 1051.88
2010.95 657.425 3635.15 1113.75
1461.8 734.775 3086.02 1191.1
1562.35 734.775 3186.57 1191.1
2134.7 750.225 3758.9 1206.57
2235.23 750.225 3859.45 1206.57
1454.07 959.075 3086.02 1423.12
1554.6 966.8 3186.57 1430.85
2126.95 974.525 3758.9 1438.6
1485 1121.47 3116.95 1585.55
2196.57 1121.47 3828.52 1585.55
1631.95 1136.95 3263.9 1593.28
1446.32 1260.7 3086.02 1724.78
1554.6 1260.7 3186.57 1724.78
1856.25 1276.18 3488.2 1740.22
2126.95 1276.18 3758.9 1740.22
2227.5 1276.18 3859.45 1740.22
1546.88 1500.47 3186.57 1964.53
2119.23 1508.2 3758.9 1980
1724.78 1608.75 3364.45 2080.55
1840.78 1616.47 3480.48 2080.55
1454.07 1647.43 3093.75 2119.23
1624.22 1647.43 3263.9 2119.23
2181.1 1655.15 3820.77 2126.95
1438.6 1794.38 3078.27 2266.18
1678.35 1802.1 3318.05 2273.9
1980 1802.1 3619.7 2273.9
2219.77 1809.85 3859.45 2281.65
1430.85 2034.15 3078.27 2505.95
2212.02 2049.6 3859.45 2521.4
1670.62 2072.82 3318.05 2544.6
1430.85 2196.57 3086.02 2668.35
2173.35 2204.3 3828.52 2676.1
1423.12 2335.77 3078.27 2815.32
2212.02 2351.25 3859.45 2830.77
1693.82 2475 3348.98 2954.52
1933.6 2482.73 3588.75 2954.52
1479.2 212.7 3103.43 667.1
2242.98 232.025 3867.2 676.75
1479.2 435.05 3103.43 889.45
1701.57 435.05 3325.77 889.45
2010.95 444.725 3635.15 899.125
2242.98 444.725 3867.2 899.125
1498.53 580.075 3103.43 1034.47
2213.98 599.425 3838.18 1053.8
1865.93 647.75 3490.12 1102.15
2020.6 647.75 3644.82 1111.82
1469.53 734.775 3093.75 1198.82
1556.55 734.775 3190.43 1198.82
2233.3 754.1 3867.2 1208.5
1459.88 957.125 3093.75 1421.2
1556.55 957.125 3190.43 1421.2
2136.62 966.8 3770.5 1430.85
2233.3 976.475 3867.2 1430.85
1479.2 1111.82 3113.07 1575.88
2204.3 1121.47 3847.85 1585.55
1643.55 1140.82 3277.45 1604.88
1450.2 1266.5 3093.75 1730.57
1546.88 1266.5 3180.75 1730.57
1846.57 1266.5 3480.48 1730.57
2223.62 1276.18 3867.2 1740.22
1450.2 1488.88 3093.75 1962.6
1546.88 1488.88 3180.75 1962.6
2126.95 1508.2 3770.5 1972.28
2223.62 1508.2 3867.2 1972.28
1846.57 1614.55 3490.12 2078.62
1962.6 1614.55 3596.48 2088.27
1459.88 1643.55 3103.43 2117.27
1624.22 1653.22 3267.77 2117.27
2194.62 1653.22 3828.52 2126.95
1440.53 1798.25 3084.07 2271.98
1672.55 1807.9 3316.12 2271.98
1981.93 1807.9 3625.5 2281.65
2213.98 1817.57 3867.2 2281.65
1440.53 2030.28 3084.07 2504
2213.98 2039.95 3867.2 2513.68
1450.2 2184.95 3093.75 2658.7
2204.3 2204.3 3857.52 2678.02
1430.85 2339.65 3084.07 2823.05
2204.3 2358.98 3867.2 2832.73
1701.57 2465.32 3354.77 2948.73
1933.6 2484.68 3586.82 2948.73
1827.25 2484.68 3490.12 2958.4
1486.45 217.525 3105.82 664.675
1969.85 229.625 3589.23 676.75
2235.73 229.625 3855.1 688.85
1474.38 422.975 3093.75 882.2
1691.9 422.975 3311.27 882.2
2006.1 435.05 3637.57 894.275
2235.73 435.05 3855.1 894.275
1474.38 580.075 3105.82 1039.3
2211.55 592.175 3830.93 1051.4
1861.07 640.5 3480.48 1099.72
2018.2 640.5 3637.57 1099.72
1474.38 737.175 3093.75 1196.4
1546.88 737.175 3178.35 1196.4
2114.88 749.275 3746.35 1208.5
2223.62 749.275 3855.1 1208.5
1462.28 954.7 3093.75 1413.95
1546.88 954.7 3178.35 1413.95
2139.05 966.8 3770.5 1426.03
2223.62 966.8 3855.1 1426.03
1474.38 1111.82 3105.82 1571.05
2211.55 1123.9 3843.02 1583.12
1643.55 1135.97 3275.02 1607.3
1462.28 1268.93 3093.75 1728.15
1534.8 1268.93 3178.35 1728.15
1849 1256.82 3480.48 1728.15
2126.95 1281 3770.5 1740.22
2211.55 1281 3855.1 1740.22
1450.2 1486.45 3093.75 1945.68
2126.95 1498.53 3770.5 1957.78
2211.55 1498.53 3855.1 1957.78
1836.93 1583.12 3480.48 2054.45
1716.07 1607.3 3347.52 2078.62
1945.68 1619.38 3589.23 2078.62
1462.28 1643.55 3105.82 2114.88
1631.47 1655.65 3275.02 2126.95
2199.48 1655.65 3843.02 2126.95
1450.2 1800.65 3081.68 2271.98
1667.72 1800.65 3311.27 2271.98
1981.93 1812.75 3625.5 2284.05
2211.55 1812.75 3855.1 2284.05
1438.1 2018.2 3081.68 2489.5
2199.48 2030.28 3855.1 2501.57
1450.2 2187.38 3093.75 2658.7
2187.38 2187.38 3843.02 2670.77
1426.03 2344.48 3081.68 2815.8
2199.48 2356.57 3855.1 2827.88
1703.97 2477.43 3359.62 2948.73
1921.5 2477.43 3577.15 2948.73
1480.4 422.975 3111.88 876.15
2024.22 422.975 3640.6 876.15
2220.6 438.075 3852.07 891.275
1480.4 574.025 3111.88 1042.32
1873.18 634.45 3489.52 1087.65
1480.4 740.2 3111.88 1208.5
2129.98 755.3 3776.55 1223.6
2205.5 1117.85 3836.98 1586.15
1842.95 1253.82 3474.43 1722.1
1525.72 1284.03 3172.3 1737.22
2145.07 1284.03 3776.55 1752.32
2205.5 1495.53 3852.07 1963.8
1827.85 1586.15 3474.43 2054.45
1465.3 1646.57 3111.88 2114.88
1646.57 1661.68 3293.15 2129.98
1450.2 1812.75 3096.77 2281.02
1994.03 1812.75 3640.6 2296.15
2205.5 1827.85 3852.07 2296.15
1450.2 2009.12 3096.77 2492.52
1978.9 2024.22 3625.5 2492.52
2205.5 2024.22 3852.07 2507.62
1661.68 2084.65 3308.25 2552.95
1450.2 2190.4 3096.77 2658.7
2190.4 2190.4 3836.98 2673.8
1435.1 2356.57 3096.77 2824.85
2190.4 2371.68 3852.07 2839.98
1491.72 415.425 3115.65 868.6
1680.57 415.425 3304.48 868.6
2020.45 415.425 3644.38 868.6
2209.27 415.425 3833.2 868.6
2209.27 585.375 3833.2 1038.55
1510.62 755.3 3115.65 1208.5
2209.27 774.2 3814.32 1227.38
2209.27 1114.07 3833.2 1586.15
1831.62 1265.15 3474.43 1718.32
1491.72 1472.85 3134.52 1926.05
1926.05 1586.15 3568.85 2058.23
1453.97 1642.8 3096.77 2114.88
2190.4 1642.8 3833.2 2114.88
2190.4 1661.68 3833.2 2133.75
1453.97 1812.75 3096.77 2284.82
1642.8 1812.75 3285.6 2284.82
2001.57 1831.62 3644.38 2303.7
2190.4 1831.62 3833.2 2303.7
1453.97 2001.57 3096.77 2473.65
2190.4 2020.45 3833.2 2492.52
1453.97 2190.4 3096.77 2662.48
1982.7 2284.82 3644.38 2756.88
1652.25 401.25 3280.88 849.725
2029.9 401.25 3658.52 849.725
2195.12 401.25 3823.75 849.725
1510.62 920.525 3115.65 1392.6
1487.03 1274.57 3115.65 1746.65
2171.52 1298.2 3800.15 1770.25
2171.52 1463.43 3800.15 1935.47
1911.88 1581.43 3540.52 2053.5
1463.43 1817.47 3115.65 2289.52
2171.52 1841.07 3823.75 2289.52
2171.52 2006.3 3823.75 2478.35
1628.62 2100.7 3280.88 2572.77
1888.28 2100.7 3540.52 2572.77
1369 2265.93 3021.25 2738
1504.72 1268.68 3127.45 1740.75
2153.82 1298.2 3806.05 1740.75
1504.72 1445.7 3127.45 1917.78
2153.82 1475.22 3806.05 1917.78
1475.22 1829.28 3127.45 2301.32
2175.95 1290.82 3798.68 1770.25
2120.62 829.8 3734.15 1290.82
2074.52 1336.93 3688.05 1844.03
