3177.5 50.7 1536.47 66.525
3880.8 63.35 2239.77 79.2
3114.15 69.7 1473.12 85.525
3630.52 196.425 1983.95 213.85
3110.98 434.025 2113.05 1520.65
3646.38 443.525 1995.85 459.35
3110.98 544.9 1460.45 560.725
3152.15 567.075 1501.62 579.75
3110.98 589.25 1460.45 605.1
3107.8 709.625 1454.1 722.3
3104.65 959.9 1447.78 972.575
3228.2 963.075 1571.32 975.75
3152.15 1099.3 1492.12 1111.97
3123.65 1102.47 1463.62 1115.12
3855.45 1115.12 2195.43 1127.8
3880.8 1115.12 2223.93 1127.8
3225.02 1241.85 1565 1254.53
3136.32 1631.53 1469.95 1641.03
3101.48 1644.2 1431.93 1656.88
3164.82 1653.7 1498.47 1663.2
3855.45 1653.7 2185.93 1663.2
3849.12 1672.7 2182.75 1682.2
3640.02 1786.75 1970.5 1796.25
3643.2 2059.2 1970.5 2068.7
3164.82 2160.57 1488.95 2170.07
3896.65 2166.9 2223.93 2176.43
3117.3 2176.43 1441.45 2185.93
3145.82 2195.43 1469.95 2204.93
3861.8 2208.1 2182.75 2217.6
3896.65 2214.43 2220.77 2220.77
3497.48 2461.52 1818.43 2467.88
3370.75 2474.2 1688.55 2480.55
3627.35 2474.2 1945.15 2483.7
3095.12 2581.93 1412.93 2588.25
3240.88 2597.75 1558.65 2604.1
3754.07 2607.27 2071.88 2613.6
3500.65 2721.3 1815.28 2724.48
3110.98 2724.48 1425.6 2727.65
3228.2 2724.48 1542.82 2730.82
3852.3 2737.15 2170.07 2743.5
3883.98 2737.15 2198.6 2743.5
3513.3 2746.65 1824.78 2749.82
3754.07 2863.88 2068.7 2867.05
3497.48 2879.7 1808.93 2879.7
3624.2 2981.1 1935.65 2984.25
3364.43 2987.43 1675.88 2990.6
3497.48 3003.27 1808.93 3006.43
3351.75 3136.32 1660.03 3139.5
3175.93 47.525 1532.53 63.35
3116.52 67.325 1473.12 83.15
3112.55 431.65 1461.25 447.475
3362.05 435.6 1714.68 451.45
3112.55 546.475 1461.25 562.325
3900.6 574.2 2249.27 590.05
3112.55 586.075 1461.25 601.925
3880.8 605.875 2229.48 621.725
3108.6 958.325 1449.35 970.2
3144.25 1096.93 1485 1108.8
3861 1116.72 2201.75 1132.55
3120.48 1619.65 1453.32 1627.55
3100.68 1647.35 1433.53 1655.28
3164.05 1651.32 1496.88 1659.25
3896.65 1671.12 2225.52 1683
3643.2 1789.93 1972.07 1797.85
3639.25 2051.27 1964.15 2063.15
3112.55 2158.2 1441.45 2170.07
3160.07 2162.15 1485 2170.07
3896.65 2170.07 2221.55 2178
3160.07 2193.85 1481.05 2201.75
3896.65 2213.65 2221.55 2221.55
3096.73 2320.55 1417.68 2328.48
3369.95 2471.05 1690.93 2478.95
3623.4 2482.93 1944.35 2490.85
3247.2 2601.73 1564.2 2605.68
3746.15 2609.65 2063.15 2613.6
3508.55 2732.4 1825.55 2736.35
3765.95 2732.4 2079 2736.35
3148.2 2736.35 1465.2 2744.27
3896.65 2740.32 2209.68 2748.25
3742.2 2863.07 2055.25 2867.05
3496.68 2878.93 1809.72 2886.85
3492.73 3001.68 1805.75 3005.65
3092.75 3128.4 1401.85 3132.35
3168 44.55 1524.6 59.4
3118.5 64.35 1475.1 79.2
3643.2 198 1999.8 212.85
3113.55 425.7 1465.2 440.55
3361.05 430.65 1712.7 450.45
3648.15 440.55 1999.8 455.4
3113.55 549.45 1465.2 564.3
3163.05 559.35 1514.7 574.2
3841.2 574.2 2187.9 589.05
3113.55 584.1 1460.25 598.95
3875.85 603.9 2227.5 618.75
3113.55 712.8 1460.25 727.65
3781.8 727.65 2128.5 742.5
3108.6 955.35 1450.35 970.2
3163.05 1093.95 1504.8 1103.85
3222.45 1247.4 1559.25 1257.3
3781.8 1257.3 2118.6 1267.2
3222.45 1494.9 1554.3 1504.8
3781.8 1504.8 2113.65 1514.7
3895.65 1504.8 2232.45 1514.7
3123.45 1618.65 1455.3 1628.55
3163.05 1648.35 1494.9 1658.25
3841.2 1658.25 2173.05 1668.15
3895.65 1668.15 2227.5 1678.05
3356.1 1786.95 1683 1791.9
3643.2 1791.9 1975.05 1796.85
3895.65 1791.9 2227.5 1801.8
3098.7 2029.5 1425.6 2039.4
3895.65 2044.35 2222.55 2054.25
3628.35 2049.3 1950.3 2059.2
3351.15 2059.2 1678.05 2064.15
3158.1 2163.15 1480.05 2173.05
3895.65 2173.05 2217.6 2178
3108.6 2192.85 1430.55 2202.75
3841.2 2192.85 2163.15 2197.8
3895.65 2207.7 2217.6 2217.6
3098.7 2321.55 1420.65 2331.45
3370.95 2475 1692.9 2479.95
3623.4 2484.9 1940.4 2489.85
3098.7 2578.95 1415.7 2583.9
3757.05 2613.6 2069.1 2618.55
3232.35 2727.45 1544.4 2732.4
3153.15 2732.4 1465.2 2737.35
3494.7 2732.4 1806.75 2737.35
3762 2732.4 2079 2737.35
3890.7 2747.25 2207.7 2752.2
3242.25 2851.2 1559.25 2856.15
3747.15 2861.1 2064.15 2861.1
3093.75 2871 1405.8 2875.95
3895.65 2880.9 2207.7 2885.85
3370.95 2984.85 1678.05 2984.85
3618.45 2984.85 1930.5 2989.8
3489.75 2999.7 1801.8 3004.65
3118.5 49.5 1478.82 68.075
3118.5 185.625 1472.62 204.2
3384.57 191.825 1737.45 207.9
3891.95 204.2 2252.25 222.75
3112.32 426.95 1466.45 439.325
3359.82 426.95 1707.75 445.5
3650.62 433.125 2004.75 451.7
3891.95 439.325 2246.07 457.875
3161.82 575.45 1503.57 594
3873.38 600.2 2227.5 612.575
3644.45 649.7 1992.38 662.075
3223.7 717.75 1565.45 730.125
3780.57 730.125 2128.5 742.5
3891.95 730.125 2239.88 742.5
3112.32 952.875 1454.07 965.25
3217.5 952.875 1565.45 971.45
3786.75 965.25 2128.5 977.625
3891.95 971.45 2239.88 983.825
3137.07 1089 1478.82 1101.38
3112.32 1243.7 1447.88 1256.07
3217.5 1249.88 1559.25 1262.25
3780.57 1256.07 2122.32 1268.45
3891.95 1262.25 2233.7 1274.62
3217.5 1491.2 1553.07 1497.38
3780.57 1503.57 2116.12 1509.75
3891.95 1503.57 2227.5 1515.95
3390.75 1596.38 1720.12 1602.57
3842.45 1639.7 2178 1652.07
3106.12 1782 1435.5 1794.38
3347.45 1788.2 1683 1794.38
3644.45 1794.38 1973.82 1800.57
3891.95 1794.38 2221.32 1806.75
3099.95 2029.5 1429.32 2035.7
3891.95 2041.88 2221.32 2048.07
3106.12 2190.38 1429.32 2196.57
3842.45 2196.57 2165.62 2202.75
3099.95 2326.5 1423.12 2332.7
3644.45 2332.7 1967.62 2338.88
3891.95 2338.88 2215.12 2345.07
3372.2 2468.82 1695.38 2475
3502.12 2468.82 1825.32 2475
3619.7 2475 1936.7 2481.2
3099.95 2574 1416.95 2580.2
3891.95 2586.38 2208.95 2592.57
3242.25 2604.95 1559.25 2611.12
3749.62 2611.12 2066.62 2617.32
3236.07 2722.5 1546.88 2722.5
3755.82 2728.7 2072.82 2728.7
3124.7 2734.88 1441.7 2741.07
3495.95 2734.88 1812.95 2741.07
3885.75 2747.25 2202.75 2753.45
3236.07 2846.25 1553.07 2852.45
3749.62 2858.62 2060.45 2858.62
3891.95 2883.38 2208.95 2889.57
3372.2 2982.38 1683 2988.57
3489.75 2994.75 1800.57 3000.95
3613.5 2994.75 1924.32 2994.75
3882.65 61.875 2242.98 77.35
3116.95 193.35 1477.28 208.825
3890.4 208.825 2242.98 224.3
3116.95 417.65 1469.53 433.125
3348.98 425.4 1701.57 440.85
3890.4 440.85 2242.98 448.6
3155.62 572.35 1500.47 587.825
3666.1 641.95 2010.95 657.425
3116.95 719.3 1461.8 734.775
3217.5 719.3 1562.35 734.775
3782.1 734.775 2134.7 750.225
3890.4 734.775 2235.23 750.225
3109.23 951.325 1454.07 959.075
3217.5 951.325 1554.6 966.8
3782.1 966.8 2126.95 974.525
3890.4 966.8 2235.23 982.275
3851.73 1106.03 2196.57 1121.47
3294.85 1121.47 1631.95 1136.95
3109.23 1252.97 1446.32 1260.7
3209.77 1252.97 1554.6 1260.7
3782.1 1260.7 2126.95 1276.18
3890.4 1268.45 2227.5 1276.18
3109.23 1485 1446.32 1500.47
3209.77 1485 1546.88 1500.47
3782.1 1500.47 2119.23 1508.2
3890.4 1500.47 2227.5 1508.2
3387.65 1601.03 1724.78 1608.75
3116.95 1639.7 1454.07 1647.43
3287.1 1639.7 1624.22 1647.43
3843.98 1647.43 2181.1 1655.15
3109.23 1786.65 1438.6 1794.38
3341.25 1794.38 1678.35 1802.1
3642.9 1794.38 1980 1802.1
3890.4 1802.1 2219.77 1809.85
3101.48 2026.4 1430.85 2034.15
3890.4 2041.88 2212.02 2049.6
3109.23 2181.1 1430.85 2196.57
3843.98 2196.57 2173.35 2204.3
3341.25 2304.85 1662.9 2312.57
3101.48 2328.05 1423.12 2335.77
3882.65 2343.52 2212.02 2351.25
3372.2 2467.27 1693.82 2475
3503.68 2475 1825.32 2475
3611.95 2475 1933.6 2482.73
3101.48 2575.55 1415.4 2575.55
3890.4 2583.27 2204.3 2591.02
3240.7 2606.48 1554.6 2614.23
3758.9 2621.95 2065.07 2621.95
3232.98 2714.77 1554.6 2730.23
3751.18 2745.7 2065.07 2753.45
3232.98 2846.25 1546.88 2853.98
3751.18 2853.98 2057.35 2861.73
3093.75 2877.2 1407.65 2884.93
3890.4 2892.65 2204.3 2892.65
3372.2 2993.2 1686.1 3000.95
3480.48 2993.2 1794.38 2993.2
3611.95 2993.2 1925.85 2993.2
3122.75 193.35 1479.2 212.7
3886.52 212.7 2242.98 232.025
3122.75 415.725 1479.2 435.05
3354.77 415.725 1701.57 435.05
3664.15 425.4 2010.95 444.725
3886.52 435.05 2242.98 444.725
3142.1 570.4 1498.53 580.075
3867.2 580.075 2213.98 599.425
3519.15 628.425 1865.93 647.75
3673.82 638.075 2020.6 647.75
3122.75 725.1 1469.53 734.775
3219.43 725.1 1556.55 734.775
3770.5 734.775 2117.27 744.425
3886.52 734.775 2233.3 754.1
3122.75 947.45 1459.88 957.125
3209.77 947.45 1556.55 957.125
3789.85 957.125 2136.62 966.8
3886.52 957.125 2233.3 976.475
3132.43 1102.15 1479.2 1111.82
3867.2 1111.82 2204.3 1121.47
3296.77 1121.47 1643.55 1140.82
3122.75 1256.82 1450.2 1266.5
3209.77 1256.82 1546.88 1266.5
3509.48 1256.82 1846.57 1266.5
3789.85 1266.5 2126.95 1276.18
3886.52 1266.5 2223.62 1276.18
3113.07 1479.2 1450.2 1488.88
3209.77 1479.2 1546.88 1488.88
3789.85 1488.88 2126.95 1508.2
3886.52 1498.53 2223.62 1508.2
3393.45 1604.88 1720.9 1614.55
3509.48 1604.88 1846.57 1614.55
3625.5 1604.88 1962.6 1614.55
3132.43 1633.88 1459.88 1643.55
3296.77 1643.55 1624.22 1653.22
3857.52 1643.55 2194.62 1653.22
3113.07 1788.57 1440.53 1798.25
3345.12 1798.25 1672.55 1807.9
3654.5 1798.25 1981.93 1807.9
3886.52 1807.9 2213.98 1817.57
3113.07 2020.6 1440.53 2030.28
3886.52 2030.28 2213.98 2039.95
3354.77 2068.95 1672.55 2078.62
3132.43 2175.3 1450.2 2184.95
3876.85 2194.62 2204.3 2204.3
3113.07 2329.98 1430.85 2339.65
3886.52 2349.32 2204.3 2358.98
3383.8 2465.32 1701.57 2465.32
3509.48 2475 1827.25 2484.68
3615.82 2475 1933.6 2484.68
3103.43 2571.68 1421.2 2571.68
3886.52 2581.35 2204.3 2581.35
3238.77 2610.35 1546.88 2620.02
3760.85 2620.02 2078.62 2629.7
3499.8 2726.38 1827.25 2745.7
3238.77 2736.02 1556.55 2726.38
3867.2 2736.02 2184.95 2745.7
3751.18 2852.05 2068.95 2852.05
3103.43 2881.05 1421.2 2890.73
3886.52 2890.73 2194.62 2900.4
3615.82 2987.4 1923.93 2997.07
3383.8 2997.07 1691.9 2997.07
3130 193.35 1486.45 217.525
3613.4 205.45 1969.85 229.625
3879.27 217.525 2235.73 229.625
3130 410.9 1474.38 422.975
3335.45 410.9 1691.9 422.975
3661.75 422.975 2006.1 435.05
3879.27 422.975 2235.73 435.05
3130 568 1474.38 580.075
3855.1 580.075 2211.55 592.175
3516.73 628.425 1861.07 640.5
3202.52 725.1 1546.88 737.175
3770.5 737.175 2114.88 749.275
3879.27 737.175 2223.62 749.275
3117.93 942.625 1462.28 954.7
3202.52 942.625 1546.88 954.7
3794.68 954.7 2139.05 966.8
3879.27 954.7 2223.62 966.8
3130 1099.72 1474.38 1111.82
3299.2 1123.9 1643.55 1135.97
3504.65 1244.75 1849 1256.82
3117.93 1256.82 1462.28 1268.93
3202.52 1256.82 1534.8 1268.93
3794.68 1268.93 2126.95 1281
3879.27 1268.93 2211.55 1281
3117.93 1474.38 1450.2 1486.45
3226.68 1474.38 1558.95 1486.45
3794.68 1486.45 2126.95 1498.53
3879.27 1486.45 2211.55 1498.53
3504.65 1571.05 1836.93 1583.12
3383.8 1607.3 1716.07 1607.3
3613.4 1607.3 1945.68 1619.38
3130 1631.47 1462.28 1643.55
3867.2 1643.55 2199.48 1655.65
3117.93 1788.57 1450.2 1800.65
3335.45 1800.65 1667.72 1800.65
3649.65 1800.65 1981.93 1812.75
3879.27 1800.65 2211.55 1812.75
3105.82 2006.1 1438.1 2018.2
3879.27 2018.2 2199.48 2030.28
3117.93 2175.3 1450.2 2187.38
3867.2 2187.38 2187.38 2187.38
3105.82 2332.4 1426.03 2344.48
3879.27 2344.48 2199.48 2356.57
3601.32 2465.32 1921.5 2477.43
3105.82 2562 1426.03 2562
3879.27 2574.1 2199.48 2574.1
3746.35 2622.43 2066.52 2622.43
3117.93 2719.12 1438.1 2719.12
3734.25 2719.12 2054.45 2743.27
3238.77 2731.2 1558.95 2731.2
3867.2 2731.2 2175.3 2731.2
3226.68 2827.88 1546.88 2839.98
3746.35 2839.98 2066.52 2839.98
3105.82 2876.23 1413.95 2888.3
3879.27 2888.3 2187.38 2900.4
3383.8 2984.98 1691.9 2984.98
3601.32 2984.98 1921.5 2984.98
3670.8 211.475 2024.22 226.6
3882.3 226.6 2235.73 241.7
3142.1 407.875 1480.4 422.975
3338.48 407.875 1691.9 422.975
3670.8 407.875 2024.22 422.975
3882.3 422.975 2220.6 438.075
3142.1 558.925 1480.4 574.025
3867.2 574.025 2220.6 589.15
3519.75 619.35 1873.18 634.45
3776.55 740.2 2129.98 755.3
3806.77 951.7 2145.07 951.7
3142.1 1102.75 1480.4 1117.85
3867.2 1102.75 2205.5 1117.85
3504.65 1238.7 1842.95 1253.82
3806.77 1268.93 2145.07 1284.03
3519.75 1616.38 1827.85 1586.15
3610.38 1616.38 1948.7 1631.47
3126.98 1631.47 1465.3 1646.57
3867.2 1646.57 2205.5 1661.68
3126.98 1797.65 1450.2 1812.75
3670.8 1812.75 1994.03 1812.75
3867.2 1812.75 2205.5 1827.85
3126.98 2009.12 1450.2 2009.12
3338.48 2069.55 1661.68 2084.65
3126.98 2175.3 1450.2 2190.4
3867.2 2190.4 2190.4 2190.4
3867.2 2356.57 2190.4 2371.68
3111.88 2552.95 1435.1 2552.95
3867.2 2568.05 2190.4 2568.05
3247.82 2613.38 1555.95 2628.48
3126.98 2719.12 1435.1 2719.12
3867.2 2734.23 2175.3 2734.23
3247.82 2839.98 1555.95 2839.98
3111.88 2900.4 1419.97 2900.4
3867.2 2900.4 2190.4 2915.5
3383.8 2975.93 1691.9 2991.02
3153.43 207.7 1491.72 226.6
3870.98 226.6 2209.27 245.475
3134.52 396.55 1491.72 415.425
3323.38 396.55 1680.57 415.425
3682.12 396.55 2020.45 415.425
3870.98 566.475 2209.27 585.375
3814.32 944.15 2152.62 944.15
3134.52 1095.2 1472.85 1095.2
3870.98 1095.2 2209.27 1114.07
3493.3 1246.25 1831.62 1265.15
3134.52 1265.15 1472.85 1284.03
3606.6 1623.93 1926.05 1586.15
3134.52 1812.75 1453.97 1812.75
3134.52 2001.57 1453.97 2001.57
3134.52 2171.52 1453.97 2190.4
3870.98 2190.4 2190.4 2190.4
3663.25 2284.82 1982.7 2284.82
3323.38 2322.57 1642.8 2322.57
3134.52 2360.35 1453.97 2360.35
3870.98 2360.35 2190.4 2379.23
3115.65 2907.95 1435.1 2907.95
3380 2983.48 1699.45 2983.48
3606.6 2983.48 1907.15 2983.48
3139.25 212.425 1510.62 236.025
3847.35 236.025 2195.12 259.65
3304.48 377.65 1652.25 401.25
3162.85 731.7 1510.62 755.3
3823.75 755.3 2171.52 778.925
3162.85 920.525 1510.62 920.525
3823.75 920.525 2171.52 944.15
3823.75 1274.57 2171.52 1298.2
3587.73 1581.43 1911.88 1581.43
3304.48 1770.25 1628.62 1793.85
3139.25 1817.47 1463.43 1817.47
3682.12 1817.47 2006.3 1817.47
3139.25 1982.7 1463.43 1982.7
3847.35 1982.7 2171.52 2006.3
3658.52 2265.93 1982.7 2265.93
3847.35 2360.35 2171.52 2383.95
3162.85 2643.57 1487.03 2643.57
3800.15 2643.57 2124.3 2643.57
3156.95 737.6 1504.72 737.6
3156.95 914.625 1504.72 914.625
3068.45 2271.82 1386.7 2183.32
3422.5 2360.35 1740.75 2389.85
3156.95 2773.4 1475.22 2773.4
3776.55 2802.9 2094.8 2802.9
3835.55 1290.82 2175.95 1290.82
3171.7 2802.9 1475.22 2802.9
3798.68 2802.9 2102.18 2802.9
3780.25 829.8 2120.62 829.8
3180.93 1336.93 1521.32 1383.03
3734.15 1336.93 2074.52 1336.93
3111.77 2420.27 1440.65 2420.27
3169.4 576.25 1512.68 576.25
